# index  real(x)      imag(x)      real(y)      imag(y)      error        
     0   0.87758256   0.47942554   1.00000000   0.00000000   0.50000000
     1   0.69670671   0.71735609   0.99989718   0.01433951   0.78566000
     2   0.45359612   0.89120736   0.99866836   0.05158982   1.04838727
     3   0.16996714   0.98544973   0.99442510   0.10544535   1.29435827
     4  -0.12884449   0.99166481   0.98459963   0.17482442   1.52427256
     5  -0.41614684   0.90929743   0.96604572   0.25837116   1.73866427
     6  -0.66627602   0.74570521   0.93521107   0.35409073   1.93805837
     7  -0.85688875   0.51550137   0.88836467   0.45913855   2.12297475
     8  -0.97095817   0.23924933   0.82189176   0.56964370   2.29392772
     9  -0.99829478  -0.05837414   0.73265983   0.68059502   2.45142554
    10  -0.93645669  -0.35078323   0.61844802   0.78582571   2.59596987
    11  -0.79096771  -0.61185789   0.47841747   0.87813252   2.72805534
    12  -0.57482395  -0.81827711   0.31358439   0.94956033   2.84816916
    13  -0.30733287  -0.95160207   0.12724113   0.99187181   2.95679067
    14  -0.01238866  -0.99992326  -0.07474282   0.99720284   3.05439109
    15   0.28366219  -0.95892427  -0.28381520   0.95887900   3.14143308
    16   0.55437434  -0.83226744  -0.48890415   0.87233751  -3.06481472
    17   0.77556588  -0.63126664  -0.53402440   0.84546906  -2.81733505
    18   0.92747843  -0.37387666  -0.43049179   0.90259449  -2.39901920
    19   0.99654210  -0.08308940  -0.33453430   0.94238357  -1.99509265
    20   0.97658763   0.21511999  -0.25378686   0.96726017  -1.61057493
    21   0.86939749   0.49411335  -0.19001052   0.98178205  -1.24515450
    22   0.68454667   0.72896904  -0.14387507   0.98959586  -0.89835776
    23   0.43854733   0.89870810  -0.11546309   0.99331177  -0.56970283
    24   0.15337386   0.98816823  -0.10453209   0.99452151  -0.25870504
    25  -0.14550003   0.98935825  -0.11066925   0.99385729   0.03512196
    26  -0.43137684   0.90217183  -0.13335461   0.99106839   0.31226531
    27  -0.67872005   0.73439710  -0.17194750   0.98510611   0.57321209
    28  -0.86543521   0.50102086  -0.22561067   0.97421755   0.81844854
    29  -0.97484362   0.22288991  -0.29318744   0.95605498   1.04845928
    30  -0.99717216  -0.07515112  -0.37304778   0.92781213   1.26372659
    31  -0.93042627  -0.36647913  -0.46292174   0.88639916   1.46472981
    32  -0.78056818  -0.62507065  -0.55974142   0.82866733   1.65194464
    33  -0.56098426  -0.82782647  -0.65951680   0.75168982   1.82584261
    34  -0.29128928  -0.95663502  -0.75727325   0.65309818   1.98689052
    35   0.00442570  -0.99999021  -0.84708088   0.53146400   2.13554996
    36   0.29974534  -0.95401925  -0.92220393   0.38670391   2.27227680
    37   0.56828963  -0.82282859  -0.97539321   0.22047241   2.39752081
    38   0.78607030  -0.61813711  -0.99933383   0.03649509   2.51172524
    39   0.93363364  -0.35822928  -0.98724391  -0.15921513   2.61532645
    40   0.99779828  -0.06632190  -0.93359859  -0.35832062   2.70875359
    41   0.97283257   0.23150983  -0.83492836  -0.55035864   2.79242832
    42   0.86096662   0.50866146  -0.69061480  -0.72322278   2.86676451
    43   0.67219308   0.74037589  -0.50358408  -0.86394622   2.93216799
    44   0.42337454   0.90595474  -0.28078381  -0.95977104   2.98903639
    45   0.13673722   0.99060736  -0.03332700  -0.99944450   3.03775889
    46  -0.16211444   0.98677196   0.22379806  -0.97463554   3.07871607
    47  -0.44648489   0.89479117   0.47251821  -0.88132091   3.11227981
    48  -0.69097218   0.72288135   0.69297880  -0.72095797   3.13881310
    49  -0.87373698   0.48639869   0.86530358  -0.50124816  -3.12451529
    50  -0.97845346   0.20646748   0.91359063  -0.40663518  -2.93078797
    51  -0.99576761  -0.09190685   0.88394659  -0.46758788  -2.56299592
    52  -0.92413280  -0.38207142   0.85611492  -0.51678549  -2.20646401
    53  -0.76994796  -0.63810668   0.83467978  -0.55073557  -1.86631068
    54  -0.54698596  -0.83714178   0.82122989  -0.57059747  -1.54232272
    55  -0.27516334  -0.96139749   0.81652423  -0.57731116  -1.23412411
    56   0.02123881  -0.99977443   0.82066287  -0.57141268  -0.94132970
    57   0.31574375  -0.94884450   0.83315654  -0.55303724  -0.66355062
    58   0.58204425  -0.81315711   0.85296291  -0.52197152  -0.40039522
    59   0.79635247  -0.60483282   0.87849857  -0.47774497  -0.15146992
    60   0.93952489  -0.34248062   0.90763719  -0.41975556   0.08362007
    61   0.99877236  -0.04953564   0.93770699  -0.34742712   0.30526999
    62   0.96880246   0.24783421   0.96550230  -0.26039453   0.51387489
    63   0.85229232   0.52306577   0.98732510  -0.15871092   0.70982896
    64   0.65964945   0.75157342   0.99907216  -0.04306757   0.89352497
    65   0.40808206   0.91294525   0.99638199   0.08498778   1.06535366
    66   0.12006192   0.99276641   0.97485189   0.22285376   1.22570321
    67  -0.17868301   0.98390669   0.93032976   0.36672405   1.37495879
    68  -0.46146670   0.88715753   0.85927688   0.51151075   1.51350204
    69  -0.70302896   0.71116122   0.75918689   0.65087269   1.64171070
    70  -0.88179173   0.47163900   0.62903434   0.77737751   1.75995814
    71  -0.98178667   0.18998668   0.46971269   0.88281934   1.86861305
    72  -0.99408153  -0.10863660   0.28441035   0.95870264   1.96803907
    73  -0.91757805  -0.39755568   0.07886474   0.99688533   2.05859447
    74  -0.75911006  -0.65096231  -0.13856855   0.99035284   2.14063188
    75  -0.53283302  -0.84622040  -0.35708916   0.93407030   2.21449802
    76  -0.25895960  -0.96588815  -0.56391124   0.82583540   2.28053347
    77   0.03804591  -0.99927599  -0.74502700   0.66703431   2.33907243
    78   0.33165290  -0.94340148  -0.88625904   0.46318994   2.39044258
    79   0.59563432  -0.80325573  -0.97454509   0.22419158   2.43496485
    80   0.80640949  -0.59135753  -0.99935573  -0.03589041   2.47295331
    81   0.94515051  -0.32663513  -0.95410593  -0.29946931   2.50471504
    82   0.99946405  -0.03273538  -0.83739230  -0.54660236   2.53054999
    83   0.96449845   0.26408852  -0.65387583  -0.75660188   2.55075094
    84   0.84337707   0.53732218  -0.41464102  -0.90998507   2.56560337
    85   0.64691932   0.76255845  -0.13689907  -0.99058500   2.57538543
    86   0.39267420   0.91967764   0.15703454  -0.98759311   2.58036788
    87   0.10335267   0.99464477   0.44147421  -0.89727394   2.58081410
    88  -0.19520105   0.98076325   0.68970030  -0.72409495   2.57698003
    89  -0.47631805   0.87927306   0.87669153  -0.48105297   2.56911417
    90  -0.71488697   0.69924003   0.98196666  -0.18905417   2.55745762
    91  -0.88959717   0.45674597   0.99219584   0.12468928   2.54224411
    92  -0.98484230   0.17345216   0.90323010   0.42915659   2.52369997
    93  -0.99211440  -0.12533563   0.72123377   0.69269174   2.50204424
    94  -0.91076388  -0.41292755   0.46268921   0.88652056   2.47748869
    95  -0.74805753  -0.66363388   0.15317010   0.98819984   2.45023788
    96  -0.51852943  -0.85505978  -0.17506638   0.98455663   2.42048925
    97  -0.24268264  -0.97010573  -0.48645635   0.87370488   2.38843319
    98   0.05484226  -0.99849503  -0.74611596   0.66581602   2.35425310
    99   0.34746827  -0.93769174  -0.92397123   0.38246199   2.31812552
   100   0.60905598  -0.79312724  -0.99851229   0.05452705   2.28022022
   101   0.81623852  -0.57771504  -0.95967126  -0.28112466   2.24070028
   102   0.95050891  -0.31069729  -0.81041049  -0.58586248   2.19972222
   103   0.99987318  -0.01592586  -0.56675869  -0.82388385   2.15743611
   104   0.95992174   0.28026817  -0.25622605  -0.96661689   2.11398567
   105   0.83422336   0.55142668   0.08525773  -0.99635893   2.06950844
   106   0.63400629   0.77332789   0.41753784  -0.90865954   2.02413583
   107   0.37715533   0.92615002   0.70105544  -0.71310678   1.97799331
   108   0.08661420   0.99624193   0.90169301  -0.43237683   1.93120054
   109  -0.21166392   0.97734251   0.99502431  -0.09963241   1.88387145
   110  -0.49103472   0.87114000   0.96941534   0.24542594   1.83611442
   111  -0.72654286   0.68712115   0.82756452   0.56137061   1.78803240
   112  -0.89715109   0.44172381   0.58626924   0.81011627   1.73972305
   113  -0.98761948   0.15686860   0.27443468   0.96160574   1.69127889
   114  -0.98986677  -0.14199922  -0.07043135   0.99751663   1.64278742
   115  -0.90369221  -0.42818267  -0.40679772   0.91351826   1.59433126
   116  -0.73679351  -0.67611784  -0.69418630   0.71979537   1.54598831
   117  -0.50407924  -0.86365741  -0.89810670   0.43977762   1.49783186
   118  -0.22633708  -0.97404904  -0.99423281   0.10724330   1.44993075
   119   0.07162311  -0.99743177  -0.97130676  -0.23783015   1.40234953
   120   0.36318541  -0.93171689  -0.83242193  -0.55414234   1.35514852
   121   0.62230544  -0.78277451  -0.59454493  -0.80406239   1.30838404
   122   0.82583678  -0.56390922  -0.28635851  -0.95812254   1.26210850
   123   0.95559858  -0.29467160   0.05528576  -0.99847057   1.21637052
   124   0.99999961   0.00088816   0.38985064  -0.92087810   1.17121509
   125   0.95507364   0.29636858   0.67797239  -0.73508737   1.12668370
   126   0.82483380   0.56537528   0.88610375  -0.46348694   1.08281446
   127   0.62091401   0.78387869   0.99038909  -0.13830927   1.03964223
   128   0.36152981   0.93236055   0.97932694   0.20228383   0.99719876
   129   0.06985124   0.99755742   0.85493262   0.51873906   0.95551277
   130  -0.22806693   0.97364546   0.63229991   0.77472370   0.91461015
   131  -0.50561257   0.86276064   0.33765284   0.94127072   0.87451400
   132  -0.73799334   0.67480799   0.00515294   0.99998672   0.83524479
   133  -0.90445137   0.42657675  -0.32713612   0.94497723   0.79682048
   134  -0.99011744   0.14024068  -0.62164043   0.78330274   0.75925662
   135  -0.98733928  -0.15862267  -0.84551310   0.53395467   0.72256645
   136  -0.89636504  -0.44331673  -0.97424107   0.22550905   0.68676102
   137  -0.72532117  -0.68841063  -0.99423321  -0.10723958   0.65184930
   138  -0.48948653  -0.87201086  -0.90413002  -0.42725743   0.61783829
   139  -0.20992752  -0.97771695  -0.71472716  -0.69940338   0.58473310
   140   0.08838370  -0.99608650  -0.44756262  -0.89425259   0.55253705
   141   0.37879986  -0.92547861  -0.13236302  -0.99120131   0.52125178
   142   0.63537896  -0.77220048   0.19633802  -0.98053627   0.49087734
   143   0.83520155  -0.54994397   0.50301777  -0.86427607   0.46141226
   144   0.96041807  -0.27856261   0.75499434  -0.65573131   0.43285369
   145   0.99984331   0.01770193   0.92585870  -0.37786991   0.40519740
   146   0.94995552   0.31238520   0.99815619  -0.06069775   0.37843794
   147   0.81521103   0.57916403   0.96505735   0.26203875   0.35256868
   148   0.60764617   0.79420786   0.83087338   0.55646152   0.32758190
   149   0.34580209   0.93830747   0.61039752   0.79209524   0.30346887
   150   0.05306854   0.99859087   0.32717584   0.94496347   0.28021991
   151  -0.24440547   0.96967312   0.01091770   0.99994040   0.25782444
   152  -0.52004747   0.85413736  -0.30566370   0.95213954   0.23627111
   153  -0.74923517   0.66230405  -0.59024211   0.80722627   0.21554779
   154  -0.91149593   0.41130910  -0.81415059   0.58065379   0.19564169
   155  -0.99233547   0.12357312  -0.95520957   0.29593020   0.17653938
   156  -0.98453264  -0.17520127  -0.99984010  -0.01788235   0.15822689
   157  -0.88878444  -0.45832545  -0.94427198  -0.32916626   0.14068971
   158  -0.71364377  -0.70050879  -0.79475209  -0.60693419   0.12391288
   159  -0.47475543  -0.88011776  -0.56675939  -0.82388336   0.10788105
   160  -0.19345860  -0.98110844  -0.28332999  -0.95902248   0.09257848
   161   0.10511930  -0.99445962   0.02732132  -0.99962670   0.07798915
   162   0.39430722  -0.91897868   0.33463428  -0.94234808   0.06409676
   163   0.64827284  -0.76140812   0.60870640  -0.79339556   0.05088476
   164   0.84433019  -0.53582323   0.82317328  -0.56779023   0.03833645
   165   0.96496603  -0.26237485   0.95769382  -0.28778905   0.02643496
   166   0.99940433   0.03451069   0.99981271   0.01935302   0.01516331
   167   0.94456882   0.32831349   0.94603810   0.32405541   0.00450446
   168   0.80535779   0.59278903   0.80205022   0.59725660  -0.00555871
   169   0.59420654   0.80431249   0.58204024   0.81315998  -0.01504331
   170   0.32997660   0.94398911   0.30725995   0.95162562  -0.02396643
   171   0.03627083   0.99934200   0.00393363   0.99999226  -0.03234514
   172  -0.26067491   0.96542664  -0.29926059   0.95417142  -0.04019642
   173  -0.53433533   0.84527259  -0.57389845   0.81892647  -0.04753718
   174  -0.76026517   0.64961286  -0.79445241   0.60732640  -0.05438420
   175  -0.91828279   0.39592515  -0.94062788   0.33943953  -0.06075412
   176  -0.99427294   0.10687062  -0.99918356   0.04040066  -0.06666345
   177  -0.98144764  -0.19173034  -0.96507852  -0.26196079  -0.07212849
   178  -0.88095256  -0.47320460  -0.84185225  -0.53970805  -0.07716539
   179  -0.70176460  -0.71240890  -0.64121562  -0.76736075  -0.08179006
   180  -0.45989011  -0.88797584  -0.38190184  -0.92420289  -0.08601819
   181  -0.17693500  -0.98422254  -0.08789261  -0.99612996  -0.08986527
   182   0.12182519  -0.99255157   0.21381153  -0.97687493  -0.09334650
   183   0.40970309  -0.91221893   0.49566940  -0.86851128  -0.09647685
   184   0.66098344  -0.75040049   0.73209993  -0.68119725  -0.09927101
   185   0.85322011  -0.52155100   0.90178063  -0.43219404  -0.10174339
   186   0.96924116  -0.24611292   0.98954061  -0.14425458  -0.10390813
   187   0.99868279   0.05130969   0.98768339   0.15646575  -0.10577907
   188   0.93891506   0.34414897   0.89662800   0.44278464  -0.10736974
   189   0.79527684   0.60624644   0.72481836   0.68894002  -0.10869339
   190   0.58059891   0.81418972   0.48791641   0.87289036  -0.10976293
   191   0.31405781   0.94940386   0.20735763   0.97826521  -0.11059099
   192   0.01946286   0.99981058  -0.09159719   0.99579614  -0.11118986
   193  -0.27687065   0.96090720  -0.38213675   0.92410579  -0.11157152
   194  -0.54847213   0.83616884  -0.63829669   0.76979045  -0.11174763
   195  -0.77108022   0.63673801  -0.83726686   0.54679448  -0.11172954
   196  -0.92481002   0.38042927  -0.96140504   0.27513696  -0.11152826
   197  -0.99592929   0.09013791  -0.99978173  -0.02089255  -0.11115449
   198  -0.97808517  -0.20820520  -0.94912268  -0.31490655  -0.11061861
   199  -0.87287161  -0.48794995  -0.81407001  -0.58076675  -0.10993067
   200  -0.68968703  -0.72410759  -0.60674266  -0.79489833  -0.10910041
   201  -0.44489476  -0.89558286  -0.34563884  -0.93836762  -0.10813725
   202  -0.16036136  -0.98705837  -0.05398019  -0.99854201  -0.10705030
   203   0.13849663  -0.99036290   0.24235416  -0.97018785  -0.10584836
   204   0.42498314  -0.90520127   0.51712041  -0.85591266  -0.10453992
   205   0.67350716  -0.73918070   0.74602744  -0.66591521  -0.10313315
   206   0.86186880  -0.50713132   0.90887522  -0.41706815  -0.10163595
   207   0.97324226  -0.22978140   0.99132732  -0.13141595  -0.10005589
   208   0.99767890   0.06809419   0.98616304   0.16577832  -0.09840027
   209   0.93299584   0.35988714   0.89390091   0.44826462  -0.09667610
   210   0.78497105   0.61953244   0.72274040   0.69111961  -0.09489010
   211   0.56682713   0.82383676   0.48782871   0.87293937  -0.09304871
   212   0.29805023   0.95455019   0.20991821   0.97771895  -0.09115810
   213   0.00264940   0.99999649  -0.08646666   0.99625474  -0.08922417
   214  -0.29298811   0.95611609  -0.37519132   0.92694740  -0.08725256
   215  -0.56245385   0.82682868  -0.63081201   0.77593570  -0.08524866
   216  -0.78167727   0.62368313  -0.83081373   0.55655057  -0.08321759
   217  -0.93107579   0.36482582  -0.95758899   0.28813769  -0.08116425
   218  -0.99730407   0.07337971  -0.99998405  -0.00564752  -0.07909327
   219  -0.97444616  -0.22462119  -0.95427738  -0.29892252  -0.07700908
   220  -0.86454387  -0.50255735  -0.82450463  -0.56585521  -0.07491585
   221  -0.67741446  -0.73560156  -0.62210192  -0.78293627  -0.07281754
   222  -0.42977362  -0.90293667  -0.36489883  -0.93104717  -0.07071791
   223  -0.14374239  -0.98961514  -0.07554951  -0.99714205  -0.06862049
   224   0.15512892  -0.98789423   0.22046050  -0.97539590  -0.06652861
   225   0.44014302  -0.89792768   0.49705661  -0.86771812  -0.06444541
   226   0.68584046  -0.72775192   0.72987002  -0.68358596  -0.06237383
   227   0.87027382  -0.49256825   0.89838328  -0.43921235  -0.06031664
   228   0.97696821  -0.21338492   0.98773798  -0.15612072  -0.05827639
   229   0.99639293   0.08485944   0.99004542   0.14074824  -0.05625552
   230   0.92681285   0.37552357   0.90508453   0.42523169  -0.05425624
   231   0.77444333   0.63264329   0.74032526   0.67224884  -0.05228063
   232   0.55289509   0.83325087   0.51027463   0.86001151  -0.05033061
   233   0.28195839   0.95942663   0.23520235   0.97194643  -0.04840795
   234  -0.01416482   0.99989967  -0.06064234   0.99815956  -0.04651427
   235  -0.30902273   0.95105465  -0.35116621   0.93631314  -0.04465106
   236  -0.57627656   0.81725475  -0.61073220   0.79183722  -0.04281965
   237  -0.79205332   0.61045192  -0.81642149   0.57745645  -0.04102127
   238  -0.93707831   0.34911923  -0.95005819   0.31207280  -0.03925702
   239  -0.99839689   0.05660077  -0.99981754   0.01910200  -0.03752787
   240  -0.97053165  -0.24097368  -0.96127521  -0.27559023  -0.03583469
   241  -0.85597171  -0.51702266  -0.83780433  -0.54597061  -0.03417823
   242  -0.66495036  -0.74688755  -0.64028421  -0.76813809  -0.03255915
   243  -0.41453098  -0.91003520  -0.38614553  -0.92243787  -0.03097800
   244  -0.12708278  -0.99189211  -0.09783536  -0.99520261  -0.02943525
   245   0.17171734  -0.98514626   0.19916316  -0.97996634  -0.02793126
   246   0.45517847  -0.89040023   0.47858192  -0.87804290  -0.02646632
   247   0.69797986  -0.71611739   0.71569120  -0.69841686  -0.02504063
   248   0.87843279  -0.47786592   0.88948959  -0.45695543  -0.02365433
   249   0.98041793  -0.19692811   0.98456661  -0.17501028  -0.02230748
   250   0.99482526   0.10160070   0.99247245   0.12246814  -0.02100005
   251   0.92036781   0.39105382   0.91247288   0.40913719  -0.01973198
   252   0.76369665   0.64557527   0.75162144   0.65959473  -0.01850313
   253   0.53880674   0.84242940   0.52414148   0.85163120  -0.01731330
   254   0.26578683   0.96403183   0.25017186   0.96820145  -0.01616225
   255  -0.03097503   0.99952016  -0.04601343   0.99894082  -0.01504969
   256  -0.32496998   0.94572433  -0.33815457   0.94109058  -0.01397527
   257  -0.58993633   0.80744977  -0.60033393   0.79974944  -0.01293860
   258  -0.80220543   0.59704812  -0.80927639   0.58742806  -0.01193925
   259  -0.94281590   0.33331394  -0.94641774   0.32294499  -0.01097677
   260  -0.99920743   0.03980582  -0.99955703   0.02976129  -0.01005065
   261  -0.96634275  -0.25725803  -0.96394566  -0.26609917  -0.00916037
   262  -0.84715754  -0.53134180  -0.84271539  -0.53835933  -0.00830535
   263  -0.65229827  -0.75796238  -0.64660669  -0.76282357  -0.00748502
   264  -0.39917114  -0.91687644  -0.39302029  -0.91952980  -0.00669877
   265  -0.11038724  -0.99388865  -0.10447570  -0.99452744  -0.00594596
   266   0.18825722  -0.98211976   0.19338713  -0.98112253  -0.00522595
   267   0.47008522  -0.88262103   0.47408576  -0.88047867  -0.00453806
   268   0.70992192  -0.70428039   0.71265031  -0.70151945  -0.00388161
   269   0.88634340  -0.46302849   0.88784628  -0.46014018  -0.00325591
   270   0.98359046  -0.18041562   0.98406693  -0.17779840  -0.00266024
   271   0.99297632   0.11831323   0.99272641   0.12039215  -0.00209389
   272   0.91366257   0.40647351   0.91302893   0.40789481  -0.00155614
   273   0.75273405   0.65832473   0.75204487   0.65911191  -0.00104625
   274   0.52456605   0.85136976   0.52408623   0.85166520  -0.00056348
   275   0.24954012   0.96836446   0.24943640   0.96839118  -0.00010710
   276  -0.04777649   0.99885805  -0.04745322   0.99887346   0.00032363
   277  -0.34082536   0.94012663  -0.34013949   0.94037499   0.00072946
   278  -0.60342932   0.79741649  -0.60254292   0.79808648   0.00111112
   279  -0.81213073   0.58347552  -0.81127253   0.58466819   0.00146935
   280  -0.94828693   0.31741441  -0.94771248   0.31912544   0.00180489
   281  -0.99973547   0.02299962  -0.99968451   0.02511747   0.00211847
   282  -0.96188063  -0.27346966  -0.96253712  -0.27114996   0.00241081
   283  -0.83810385  -0.54551071  -0.83956424  -0.54326042   0.00268263
   284  -0.63946176  -0.76882291  -0.64171523  -0.76694300   0.00293466
   285  -0.38369844  -0.92345845  -0.38662164  -0.92223842   0.00316758
   286  -0.09366049  -0.99560419  -0.09702718  -0.99528173   0.00338210
   287   0.20474387  -0.97881558   0.20123948  -0.97954207   0.00357891
   288   0.48485907  -0.87459229   0.48156835  -0.87640854   0.00375868
   289   0.72166326  -0.69224428   0.71894268  -0.69506936   0.00392208
   290   0.89400342  -0.44806014   0.89217252  -0.45169481   0.00406977
   291   0.98648491  -0.16385213   0.98578763  -0.16799626   0.00420239
   292   0.99084665   0.13499231   0.99142064   0.13071003   0.00432058
   293   0.90669900   0.42177828   0.90855647   0.41776206   0.00442496
   294   0.74155864   0.67088806   0.74458088   0.66753225   0.00451613
   295   0.51017704   0.86006941   0.51412341   0.85771622   0.00459470
   296   0.23322286   0.97242331   0.23775302   0.97132564   0.00466125
   297  -0.06456443   0.99791354  -0.05985722   0.99820695   0.00471635
   298  -0.35658437   0.93426312  -0.35213273   0.93595007   0.00476056
   299  -0.61675169   0.78715777  -0.61297066   0.79010567   0.00479442
   300  -0.82182642   0.56973795  -0.81907164   0.57369125   0.00481845
   301  -0.95348985   0.30142514  -0.95202187   0.30602999   0.00483318
   302  -0.99998086   0.00618691  -0.99993921   0.01102584   0.00483911
   303  -0.95714656  -0.28960397  -0.95853610  -0.28497114   0.00483673
   304  -0.82881321  -0.55952539  -0.83150410  -0.55551861   0.00482650
   305  -0.62644445  -0.77946607  -0.63018556  -0.77644456   0.00480890
   306  -0.36811727  -0.92977937  -0.37256144  -0.92800753   0.00478436
   307  -0.07690726  -0.99703825  -0.08164563  -0.99666142   0.00475333
   308   0.22117263  -0.97523467   0.21657078  -0.97626692   0.00471621
   309   0.49949584  -0.86631629   0.49544174  -0.86864117   0.00467342
   310   0.73320057  -0.68001244   0.73004745  -0.68339646   0.00462534
   311   0.90141068  -0.43296512   0.89942159  -0.43708215   0.00457236
   312   0.98910045  -0.14724231   0.98842560  -0.15170642   0.00451484
   313   0.98843683   0.15163322   0.98910227   0.14723010   0.00445313
   314   0.89947909   0.43696381   0.90138763   0.43301309   0.00438757
   315   0.73017356   0.68326171   0.73311740   0.68010211   0.00431848
   316   0.49564380   0.86852589   0.49932725   0.86641347   0.00424619
   317   0.21683966   0.97620723   0.22090950   0.97529431   0.00417098
   318  -0.08133412   0.99668689  -0.07725386   0.99701145   0.00409315
   319  -0.37224257   0.92813548  -0.36851500   0.92962180   0.00401298
   320  -0.62989970   0.77667649  -0.62684194   0.77914645   0.00393073
   321  -0.83128976   0.55583930  -0.82914550   0.55903286   0.00384665
   322  -0.95842319   0.28535064  -0.95734321   0.28895323   0.00376099
   323  -0.99994353  -0.01062754  -0.99997582  -0.00695371   0.00367397
   324  -0.95214189  -0.30565639  -0.95323179  -0.30224023   0.00358582
   325  -0.81928825  -0.57338187  -0.82128820  -0.57051353   0.00349674
   326  -0.61325003  -0.78988886  -0.61593757  -0.78779497   0.00340694
   327  -0.35243201  -0.93583742  -0.35553387  -0.93466340   0.00331661
   328  -0.06013229  -0.99819042  -0.06335205  -0.99799124   0.00322591
   329   0.23753887  -0.97137803   0.23449240  -0.97211795   0.00313504
   330   0.51399138  -0.85779535   0.51137777  -0.85935603   0.00304413
   331   0.74453058  -0.66758835   0.74255572  -0.66978430   0.00295335
   332   0.90856308  -0.41774768   0.90736342  -0.42034703   0.00286283
   333   0.99143635  -0.13059085   0.99107044  -0.13333933   0.00277272
   334   0.98574755   0.16823127   0.98619539   0.16558577   0.00268314
   335   0.89200487   0.45202579   0.89317451   0.44971023   0.00259420
   336   0.71858205   0.69544219   0.72032258   0.69363923   0.00250601
   337   0.48097043   0.87673682   0.48308957   0.87557094   0.00241869
   338   0.20039516   0.97971515   0.20267961   0.97924510   0.00233232
   339  -0.09808082   0.99517845  -0.09584442   0.99539633   0.00224699
   340  -0.38779553   0.92174542  -0.38580109   0.92258198   0.00216278
   341  -0.64286962   0.76597562  -0.64127517   0.76731099   0.00207977
   342  -0.84051808   0.54178350  -0.83943390   0.54346180   0.00199803
   343  -0.96308556   0.26919547  -0.96256758   0.27104181   0.00191762
   344  -0.99962348  -0.02743899  -0.99967224  -0.02560103   0.00183860
   345  -0.94686801  -0.32162240  -0.94743293  -0.31995445   0.00176102
   346  -0.80953164  -0.58707625  -0.81051967  -0.58571142   0.00168492
   347  -0.59988222  -0.80008832  -0.60116987  -0.79912126   0.00161036
   348  -0.33664711  -0.94163088  -0.33809433  -0.94111223   0.00153735
   349  -0.04334032  -0.99906037  -0.04480484  -0.99899576   0.00146595
   350   0.25383794  -0.96724676   0.25248726  -0.96760022   0.00139616
   351   0.52834161  -0.84903189   0.52721361  -0.84973279   0.00132803
   352   0.75565010  -0.65497552   0.75482321  -0.65592829   0.00126156
   353   0.91545861  -0.40241214   0.91497636  -0.40350744   0.00119677
   354   0.99349193  -0.11390248   0.99336217  -0.11502870   0.00113367
   355   0.98277958   0.18478174   0.98297715   0.18372783   0.00107228
   356   0.88427846   0.46695997   0.88475084   0.46606432   0.00101259
   357   0.70678737   0.70742605   0.70746236   0.70675102   0.00095460
   358   0.46616107   0.88469987   0.46695564   0.88428074   0.00089833
   359   0.18389399   0.98294608   0.18472330   0.98279057   0.00084376
   360  -0.11479979   0.99338865  -0.11401410   0.99347913   0.00079088
   361  -0.40323884   0.91509477  -0.40256184   0.91539279   0.00073970
   362  -0.65565778   0.75505820  -0.65513649   0.75551054   0.00069019
   363  -0.84950875   0.52757453  -0.84916969   0.52812009   0.00064234
   364  -0.96747564   0.25296419  -0.96732467   0.25354090   0.00059614
   365  -0.99902081  -0.04424268  -0.99904506  -0.04369164   0.00055157
   366  -0.94132643  -0.33749748  -0.94149797  -0.33701866   0.00050862
   367  -0.79954616  -0.60060464  -0.79982671  -0.60023098   0.00046726
   368  -0.58634482  -0.81006158  -0.58669103  -0.80981086   0.00042746
   369  -0.32076703  -0.94715812  -0.32113566  -0.94703320   0.00038922
   370  -0.02653609  -0.99964786  -0.02688846  -0.99963844   0.00035250
   371   0.27006525  -0.96284202   0.26975976  -0.96292766   0.00031727
   372   0.54254246  -0.84002838   0.54230428  -0.84018216   0.00028351
   373   0.76655597  -0.64217750   0.76639463  -0.64237004   0.00025120
   374   0.92209532  -0.38696282   0.92201005  -0.38716595   0.00022030
   375   0.99526664  -0.09718191   0.99524808  -0.09737179   0.00019078
   376   0.97953375   0.20127998   0.97956647   0.20112068   0.00016263
   377   0.87630203   0.48176213   0.87636744   0.48164313   0.00013579
   378   0.69479286   0.71920990   0.69487215   0.71913329   0.00011025
   379   0.45121992   0.89241279   0.45129664   0.89237399   0.00008598
   380   0.16734084   0.98589910   0.16740288   0.98588857   0.00006293
   381  -0.13148630   0.99131799  -0.13144556   0.99132339   0.00004109
   382  -0.41856815   0.90818539  -0.41854961   0.90819393   0.00002041
   383  -0.66826056   0.74392729  -0.66825991   0.74392788   0.00000087
   384  -0.85825925   0.51321639  -0.85826826   0.51320132  -0.00001756
   385  -0.97159219   0.23666139  -0.97160046   0.23662746  -0.00003493
   386  -0.99813570  -0.06103386  -0.99813257  -0.06108501  -0.00005125
   387  -0.93551871  -0.35327714  -0.93549520  -0.35333941  -0.00006656
   388  -0.78933463  -0.61396323  -0.78928495  -0.61402708  -0.00008090
   389  -0.57264163  -0.81980581  -0.57256433  -0.81985980  -0.00009430
   390  -0.30479627  -0.95241757  -0.30469457  -0.95245011  -0.00010678
   391  -0.00972436  -0.99995272  -0.00960599  -0.99995386  -0.00011838
   392   0.28621620  -0.95816506   0.28633992  -0.95812810  -0.00012912
   393   0.55658992  -0.83078738   0.55670543  -0.83070997  -0.00013905
   394   0.77724511  -0.62919793   0.77733834  -0.62908275  -0.00014818
   395   0.92847132  -0.37140410   0.92852946  -0.37125874  -0.00015656
   396   0.99675995  -0.08043385   0.99677314  -0.08027019  -0.00016420
   397   0.97601098   0.21772131   0.97597370   0.21788834  -0.00017114
   398   0.86807786   0.49642808   0.86798977   0.49658207  -0.00017740
   399   0.68260192   0.73079040   0.68246816   0.73091532  -0.00018302
   400   0.43615119   0.89987340   0.43598199   0.89995539  -0.00018802
   401   0.15074038   0.98857339   0.15055015   0.98860237  -0.00019242
   402  -0.14813563   0.98896705  -0.14832972   0.98893796  -0.00019626
   403  -0.43377912   0.90101924  -0.43395892   0.90093266  -0.00019956
   404  -0.68067442   0.73258606  -0.68082263   0.73244832  -0.00020234
   405  -0.86676709   0.49871315  -0.86686912   0.49853578  -0.00020463
   406  -0.97543404   0.22029168  -0.97547950   0.22009030  -0.00020645
   407  -0.99696838  -0.07780779  -0.99695219  -0.07801499  -0.00020783
   408  -0.92944650  -0.36895692  -0.92936944  -0.36915097  -0.00020879
   409  -0.77889993  -0.62714823  -0.77876862  -0.62731128  -0.00020935
   410  -0.55877655  -0.82931825  -0.55860276  -0.82943532  -0.00020954
   411  -0.28873932  -0.95740775  -0.28853887  -0.95746818  -0.00020937
   412   0.00709012  -0.99997486   0.00729898  -0.99997336  -0.00020886
   413   0.30228623  -0.95321720   0.30248453  -0.95315429  -0.00020804
   414   0.57048001  -0.82131148   0.57064994  -0.82119343  -0.00020692
   415   0.78771451  -0.61604046   0.78784110  -0.61587856  -0.00020552
   416   0.93458482  -0.35574037   0.93465732  -0.35554984  -0.00020386
   417   0.99797145  -0.06366306   0.99798429  -0.06346151  -0.00020196
   418   0.97221226   0.23410108   0.97216546   0.23429537  -0.00019984
   419   0.85960825   0.51095368   0.85950732   0.51112344  -0.00019750
   420   0.67021799   0.74216430   0.67007327   0.74229496  -0.00019498
   421   0.42095915   0.90707959   0.42078474   0.90716052  -0.00019227
   422   0.13409729   0.99096817   0.13390960   0.99099355  -0.00018940
   423  -0.16474308   0.98633651  -0.16492691   0.98630579  -0.00018638
   424  -0.44886745   0.89359835  -0.44903117   0.89351609  -0.00018323
   425  -0.69289582   0.72103771  -0.69302556   0.72091302  -0.00017995
   426  -0.87502988   0.48406892  -0.87511533   0.48391442  -0.00017655
   427  -0.97900012   0.20385969  -0.97903538   0.20369026  -0.00017306
   428  -0.99551919  -0.09455971  -0.99550315  -0.09472844  -0.00016949
   429  -0.92311150  -0.38453238  -0.92304772  -0.38468546  -0.00016583
   430  -0.76824501  -0.64015592  -0.76814123  -0.64028045  -0.00016211
   431  -0.54475348  -0.83859623  -0.54462070  -0.83868247  -0.00015833
   432  -0.27260075  -0.96212724  -0.27245209  -0.96216935  -0.00015451
   433   0.02390260  -0.99971429   0.02405320  -0.99971068  -0.00015064
   434   0.31827080  -0.94799984   0.31840991  -0.94795312  -0.00014675
   435   0.58420882  -0.81160339   0.58432474  -0.81151993  -0.00014283
   436   0.79796120  -0.60270882   0.79804491  -0.60259797  -0.00013890
   437   0.94043409  -0.33997607   0.94047996  -0.33984914  -0.00013497
   438   0.99890080  -0.04687427   0.99890693  -0.04674338  -0.00013103
   439   0.96813867   0.25041467   0.96810684   0.25053772  -0.00012710
   440   0.85089561   0.52533481   0.85083089   0.52543963  -0.00012319
   441   0.65764457   0.75332836   0.65755470   0.75340681  -0.00011929
   442   0.40564810   0.91402933   0.40554260   0.91407614  -0.00011542
   443   0.11741629   0.99308278   0.11730549   0.99309588  -0.00011157
   444  -0.18130396   0.98342711  -0.18140993   0.98340756  -0.00010776
   445  -0.46382887   0.88592482  -0.46392099   0.88587658  -0.00010399
   446  -0.70492133   0.70928550  -0.70499243   0.70921482  -0.00010026
   447  -0.88304526   0.46928782  -0.88309058   0.46920255  -0.00009657
   448  -0.98228940   0.18737006  -0.98230681   0.18727877  -0.00009293
   449  -0.99378854  -0.11128491  -0.99377860  -0.11137370  -0.00008935
   450  -0.91651552  -0.39999913  -0.91648119  -0.40007779  -0.00008582
   451  -0.75737289  -0.65298262  -0.75731912  -0.65304499  -0.00008235
   452  -0.53057640  -0.84763712  -0.53050949  -0.84767900  -0.00007894
   453  -0.25638510  -0.96657472  -0.25631203  -0.96659409  -0.00007560
   454   0.04070832  -0.99917107   0.04078057  -0.99916813  -0.00007231
   455   0.33416538  -0.94251445   0.33423051  -0.94249136  -0.00006910
   456   0.59777245  -0.80166583   0.59782532  -0.80162640  -0.00006595
   457   0.80798228  -0.58920678   0.80801933  -0.58915598  -0.00006287
   458   0.94601747  -0.32411564   0.94603687  -0.32405901  -0.00005987
   459   0.99954773  -0.03007222   0.99954944  -0.03001532  -0.00005693
   460   0.96379137   0.26665746   0.96377695   0.26670957  -0.00005407
   461   0.84194239   0.53956742   0.84191473   0.53961059  -0.00005127
   462   0.64488521   0.76427944   0.64484810   0.76431075  -0.00004856
   463   0.39022236   0.92072065   0.39018008   0.92073856  -0.00004591
   464   0.10070210   0.99491662   0.10065898   0.99492099  -0.00004334
   465  -0.19781357   0.98023966  -0.19785361   0.98023158  -0.00004085
   466  -0.47865915   0.87800081  -0.47869289   0.87798241  -0.00003843
   467  -0.71674753   0.69733276  -0.71677269   0.69730690  -0.00003608
   468  -0.89081099   0.45437405  -0.89082635   0.45434394  -0.00003380
   469  -0.98530096   0.17082746  -0.98530636   0.17079632  -0.00003160
   470  -0.99177692  -0.12797864  -0.99177315  -0.12800787  -0.00002947
   471  -0.90966041  -0.41535278  -0.90964903  -0.41537772  -0.00002741
   472  -0.74628664  -0.66562470  -0.74626972  -0.66564368  -0.00002543
   473  -0.51624931  -0.85643835  -0.51622918  -0.85645049  -0.00002351
   474  -0.24009697  -0.97074891  -0.24007594  -0.97075411  -0.00002166
   475   0.05750253  -0.99834536   0.05752238  -0.99834422  -0.00001989
   476   0.34996549  -0.93676259   0.34998252  -0.93675623  -0.00001818
   477   0.61116708  -0.79150161   0.61118016  -0.79149151  -0.00001653
   478   0.81777493  -0.57553815   0.81778354  -0.57552592  -0.00001496
   479   0.95133338  -0.30816358   0.95133753  -0.30815079  -0.00001344
   480   0.99991206  -0.01326168   0.99991222  -0.01324968  -0.00001200
   481   0.95917157   0.28282486   0.95916857   0.28283503  -0.00001061
   482   0.83275114   0.55364748   0.83274600   0.55365521  -0.00000928
   483   0.63194353   0.77501443   0.63193732   0.77501950  -0.00000802
   484   0.37468629   0.92715165   0.37467998   0.92715420  -0.00000681
   485   0.08395944   0.99646917   0.08395380   0.99646965  -0.00000566
   486  -0.21426726   0.97677507  -0.21427172   0.97677409  -0.00000456
   487  -0.49335411   0.86982856  -0.49335717   0.86982682  -0.00000352
   488  -0.72837110   0.68518286  -0.72837283   0.68518101  -0.00000253
   489  -0.89832486   0.43933181  -0.89832557   0.43933037  -0.00000160
   490  -0.98803395   0.15423656  -0.98803406   0.15423585  -0.00000071
   491  -0.98948490  -0.14463618  -0.98948492  -0.14463606   0.00000012
   492  -0.90254812  -0.43058901  -0.90254851  -0.43058818   0.00000091
   493  -0.73498940  -0.67807860  -0.73499052  -0.67807738   0.00000166
   494  -0.50177626  -0.86499745  -0.50177830  -0.86499626   0.00000235
   495  -0.22374095  -0.97464865  -0.22374388  -0.97464798   0.00000301
   496   0.07428048  -0.99723739   0.07427687  -0.99723766   0.00000362
   497   0.36566665  -0.93074588   0.36566275  -0.93074742   0.00000419
   498   0.62438891  -0.78111362   0.62438522  -0.78111657   0.00000473
   499   0.82733637  -0.56170681   0.82733343  -0.56171113   0.00000522
   500   0.95638033  -0.29212439   0.95637867  -0.29212982   0.00000568
   501   0.99999369   0.00355262   0.99999371   0.00354652   0.00000610
   502   0.95428059   0.29891229   0.95428253   0.29890610   0.00000649
   503   0.82332445   0.56757101   0.82332833   0.56756538   0.00000685
   504   0.61882318   0.78553031   0.61882882   0.78552587   0.00000717
   505   0.35904429   0.93332052   0.35905125   0.93331784   0.00000747
   506   0.06719303   0.99773999   0.06720075   0.99773947   0.00000773
   507  -0.23066037   0.97303432  -0.23065262   0.97303616   0.00000797
   508  -0.50790957   0.86141039  -0.50790253   0.86141455   0.00000818
   509  -0.73978873   0.67283924  -0.73978310   0.67284543   0.00000837
   510  -0.90558476   0.42416536  -0.90558114   0.42417308   0.00000853
   511  -0.99048759   0.13760205  -0.99048640   0.13761063   0.00000867
   512  -0.98691313  -0.16125284  -0.98691454  -0.16124417   0.00000878
   513  -0.89518065  -0.44570349  -0.89518461  -0.44569555   0.00000888
   514  -0.72348435  -0.69034078  -0.72349053  -0.69033430   0.00000895
   515  -0.48716135  -0.87331198  -0.48716922  -0.87330759   0.00000901
   516  -0.20732168  -0.97827283  -0.20733053  -0.97827095   0.00000905
   517   0.09103743  -0.99584747   0.09102840  -0.99584830   0.00000907
   518   0.38126443  -0.92446603   0.38125604  -0.92446949   0.00000907
   519   0.63743421  -0.77050479   0.63742723  -0.77051056   0.00000906
   520   0.83666389  -0.54771665   0.83665894  -0.54772421   0.00000904
   521   0.96115688  -0.27600261   0.96115440  -0.27601126   0.00000900
   522   0.99979259   0.02036591   0.99979278   0.02035697   0.00000895
   523   0.94911981   0.31491521   0.94912261   0.31490678   0.00000889
   524   0.81366498   0.58133408   0.81367010   0.58132691   0.00000881
   525   0.60552787   0.79582410   0.60553482   0.79581881   0.00000873
   526   0.34330077   0.93922552   0.34330888   0.93922256   0.00000863
   527   0.05040763   0.99872873   0.05041615   0.99872830   0.00000853
   528  -0.24698827   0.96901847  -0.24698011   0.96902055   0.00000842
   529  -0.52232144   0.85274868  -0.52231436   0.85275302   0.00000830
   530  -0.75099720   0.66030539  -0.75099180   0.66031153   0.00000818
   531  -0.91258861   0.40887898  -0.91258532   0.40888633   0.00000804
   532  -0.99266120   0.12092864  -0.99266025   0.12093649   0.00000791
   533  -0.98406233  -0.17782390  -0.98406371  -0.17781626   0.00000776
   534  -0.88756009  -0.46069196  -0.88756360  -0.46068521   0.00000762
   535  -0.71177476  -0.70240779  -0.71178000  -0.70240247   0.00000746
   536  -0.47240870  -0.88137961  -0.47241514  -0.88137616   0.00000731
   537  -0.19084379  -0.98162042  -0.19085080  -0.98161906   0.00000715
   538   0.10776864  -0.99417600   0.10776169  -0.99417675   0.00000699
   539   0.39675441  -0.91792480   0.39674815  -0.91792751   0.00000682
   540   0.65029929  -0.75967811   0.65029423  -0.75968244   0.00000666
   541   0.84575487  -0.53357164   0.84575141  -0.53357713   0.00000649
   542   0.96566169  -0.25980280   0.96566005  -0.25980891   0.00000632
   543   0.99930883   0.03717345   0.99930906   0.03716730   0.00000615
   544   0.94369068   0.33082910   0.94369266   0.33082346   0.00000598
   545   0.80377546   0.59493278   0.80377892   0.59492811   0.00000581
   546   0.59206137   0.80589288   0.59206591   0.80588954   0.00000564
   547   0.32746020   0.94486497   0.32746537   0.94486318   0.00000547
   548   0.03360798   0.99943509   0.03361328   0.99943491   0.00000530
   549  -0.26324633   0.96472865  -0.26324138   0.96473000   0.00000513
   550  -0.53658564   0.84384587  -0.53658145   0.84384854   0.00000496
   551  -0.76199334   0.64758485  -0.76199024   0.64758851   0.00000480
   552  -0.91933446   0.39347701  -0.91933263   0.39348127   0.00000463
   553  -0.99455416   0.10422104  -0.99455369   0.10422548   0.00000447
   554  -0.98093330  -0.19434469  -0.98093414  -0.19434046   0.00000431
   555  -0.87968859  -0.47555019  -0.87969057  -0.47554654   0.00000415
   556  -0.69986392  -0.71427620  -0.69986677  -0.71427341   0.00000399
   557  -0.45752249  -0.88919805  -0.45752590  -0.88919629   0.00000384
   558  -0.17431194  -0.98469048  -0.17431557  -0.98468984   0.00000369
   559   0.12446938  -0.99222345   0.12446587  -0.99222389   0.00000354
   560   0.41213222  -0.91112405   0.41212913  -0.91112545   0.00000339
   561   0.66298051  -0.74863665   0.66297808  -0.74863880   0.00000325
   562   0.85460673  -0.51927577   0.85460512  -0.51927843   0.00000310
   563   0.96989348  -0.24352954   0.96989276  -0.24353241   0.00000296
   564   0.99854253   0.05397047   0.99854268   0.05396765   0.00000283
   565   0.93799475   0.34664946   0.93799569   0.34664693   0.00000270
   566   0.79365869   0.60836328   0.79366026   0.60836124   0.00000257
   567   0.57842747   0.81573382   0.57842946   0.81573241   0.00000244
   568   0.31152704   0.95023729   0.31152924   0.95023657   0.00000232
   569   0.01679883   0.99985889   0.01680103   0.99985885   0.00000220
   570  -0.27942997   0.96016608  -0.27942797   0.96016666   0.00000208
   571  -0.55069812   0.83470448  -0.55069648   0.83470557   0.00000197
   572  -0.77277405   0.63468123  -0.77277288   0.63468266   0.00000186
   573  -0.92582038   0.37796379  -0.92581972   0.37796541   0.00000175
   574  -0.99616593   0.08748397  -0.99616578   0.08748561   0.00000164
   575  -0.97752694  -0.21081053  -0.97752727  -0.21080903   0.00000154
   576  -0.87156838  -0.49027396  -0.87156909  -0.49027270   0.00000144
   577  -0.68775522  -0.72594267  -0.68775620  -0.72594174   0.00000135
   578  -0.44250693  -0.89676509  -0.44250806  -0.89676453   0.00000126
   579  -0.15773081  -0.98748215  -0.15773197  -0.98748196   0.00000117
   580   0.14113493  -0.98999037   0.14113386  -0.98999052   0.00000108
   581   0.42739351  -0.90406570   0.42739260  -0.90406613   0.00000100
   582   0.67547429  -0.73738353   0.67547361  -0.73738416   0.00000092
   583   0.86321698  -0.50483309   0.86321655  -0.50483382   0.00000085
   584   0.97385106  -0.22718742   0.97385088  -0.22718817   0.00000077
   585   0.99749392   0.07075224   0.99749397   0.07075154   0.00000070
   586   0.93203362   0.36237180   0.93203385   0.36237121   0.00000063
   587   0.78331754   0.62162177   0.78331789   0.62162133   0.00000057
   588   0.56463003   0.82534413   0.56463045   0.82534384   0.00000051
   589   0.29550581   0.95534094   0.29550624   0.95534081   0.00000045
   590  -0.00001507   1.00000000  -0.00001468   1.00000000   0.00000039
   591  -0.29553461   0.95533203  -0.29553428   0.95533213   0.00000034
   592  -0.56465491   0.82532710  -0.56465468   0.82532727   0.00000028
   593  -0.78333628   0.62159816  -0.78333613   0.62159835   0.00000024
   594  -0.93204455   0.36234371  -0.93204448   0.36234388   0.00000019
   595  -0.99749605   0.07072217  -0.99749604   0.07072231   0.00000014
   596  -0.97384421  -0.22721677  -0.97384423  -0.22721667   0.00000010
   597  -0.86320176  -0.50485911  -0.86320179  -0.50485906   0.00000006
   598  -0.67545207  -0.73740390  -0.67545208  -0.73740388   0.00000002
   599  -0.42736625  -0.90407858  -0.42736624  -0.90407859  -0.00000001
   600  -0.14110509  -0.98999462  -0.14110504  -0.98999463  -0.00000005
   601   0.15776058  -0.98747739   0.15776065  -0.98747738  -0.00000008
   602   0.44253396  -0.89675175   0.44253406  -0.89675170  -0.00000011
   603   0.68777710  -0.72592194   0.68777720  -0.72592184  -0.00000014
   604   0.87158316  -0.49024768   0.87158324  -0.49024754  -0.00000016
   605   0.97753329  -0.21078107   0.97753333  -0.21078088  -0.00000019
   606   0.99616329   0.08751400   0.99616327   0.08751421  -0.00000021
   607   0.92580899   0.37799170   0.92580890   0.37799191  -0.00000023
   608   0.77275492   0.63470452   0.77275476   0.63470472  -0.00000025
   609   0.55067296   0.83472108   0.55067274   0.83472123  -0.00000027
   610   0.27940103   0.96017450   0.27940075   0.96017458  -0.00000028
   611  -0.01682897   0.99985838  -0.01682927   0.99985838  -0.00000030
   612  -0.31155569   0.95022790  -0.31155598   0.95022780  -0.00000031
   613  -0.57845206   0.81571638  -0.57845232   0.81571619  -0.00000033
   614  -0.79367703   0.60833935  -0.79367724   0.60833908  -0.00000034
   615  -0.93800520   0.34662118  -0.93800532   0.34662085  -0.00000035
   616  -0.99854416   0.05394037  -0.99854418   0.05394001  -0.00000036
   617  -0.96988614  -0.24355877  -0.96988605  -0.24355912  -0.00000036
   618  -0.85459108  -0.51930153  -0.85459089  -0.51930185  -0.00000037
   619  -0.66295795  -0.74865664  -0.66295766  -0.74865689  -0.00000038
   620  -0.41210475  -0.91113647  -0.41210441  -0.91113663  -0.00000038
   621  -0.12443947  -0.99222720  -0.12443909  -0.99222725  -0.00000039
   622   0.17434162  -0.98468523   0.17434200  -0.98468516  -0.00000039
   623   0.45754930  -0.88918426   0.45754964  -0.88918408  -0.00000039
   624   0.69988545  -0.71425510   0.69988573  -0.71425483  -0.00000039
   625   0.87970293  -0.47552367   0.87970311  -0.47552332  -0.00000039
   626   0.98093916  -0.19431512   0.98093924  -0.19431474  -0.00000039
   627   0.99455102   0.10425102   0.99455098   0.10425141  -0.00000039
   628   0.91932259   0.39350472   0.91932244   0.39350508  -0.00000039
   629   0.76197382   0.64760782   0.76197357   0.64760812  -0.00000039
   630   0.53656020   0.84386205   0.53655987   0.84386225  -0.00000039
   631   0.26321725   0.96473659   0.26321688   0.96473669  -0.00000038
   632  -0.03363811   0.99943408  -0.03363849   0.99943407  -0.00000038
   633  -0.32748868   0.94485510  -0.32748904   0.94485498  -0.00000038
   634  -0.59208566   0.80587503  -0.59208596   0.80587481  -0.00000037
   635  -0.80379339   0.59490855  -0.80379361   0.59490825  -0.00000037
   636  -0.94370066   0.33080065  -0.94370078   0.33080031  -0.00000036
   637  -0.99930995   0.03714332  -0.99930996   0.03714296  -0.00000036
   638  -0.96565386  -0.25983191  -0.96565377  -0.25983225  -0.00000035
   639  -0.84573879  -0.53359713  -0.84573860  -0.53359743  -0.00000035
   640  -0.65027639  -0.75969771  -0.65027613  -0.75969794  -0.00000034
   641  -0.39672674  -0.91793676  -0.39672643  -0.91793689  -0.00000033
   642  -0.10773867  -0.99417925  -0.10773834  -0.99417928  -0.00000033
   643   0.19087338  -0.98161467   0.19087369  -0.98161461  -0.00000032
   644   0.47243527  -0.88136537   0.47243555  -0.88136522  -0.00000032
   645   0.71179593  -0.70238633   0.71179615  -0.70238611  -0.00000031
   646   0.88757398  -0.46066521   0.88757412  -0.46066494  -0.00000030
   647   0.98406768  -0.17779424   0.98406774  -0.17779395  -0.00000029
   648   0.99265756   0.12095856   0.99265752   0.12095885  -0.00000029
   649   0.91257629   0.40890649   0.91257617   0.40890675  -0.00000028
   650   0.75097729   0.66032803   0.75097711   0.66032823  -0.00000027
   651   0.52229574   0.85276442   0.52229551   0.85276456  -0.00000026
   652   0.24695906   0.96902592   0.24695881   0.96902598  -0.00000026
   653  -0.05043774   0.99872721  -0.05043799   0.99872719  -0.00000025
   654  -0.34332908   0.93921517  -0.34332931   0.93921509  -0.00000024
   655  -0.60555186   0.79580584  -0.60555205   0.79580570  -0.00000024
   656  -0.81368250   0.58130955  -0.81368263   0.58130936  -0.00000023
   657  -0.94912930   0.31488660  -0.94912937   0.31488639  -0.00000022
   658  -0.99979321   0.02033577  -0.99979321   0.02033556  -0.00000021
   659  -0.96114856  -0.27603159  -0.96114851  -0.27603179  -0.00000021
   660  -0.83664738  -0.54774187  -0.83664727  -0.54774204  -0.00000020
   661  -0.63741098  -0.77052400  -0.63741083  -0.77052413  -0.00000019
   662  -0.38123656  -0.92447752  -0.38123639  -0.92447759  -0.00000019
   663  -0.09100741  -0.99585022  -0.09100723  -0.99585023  -0.00000018
   664   0.20735117  -0.97826658   0.20735133  -0.97826654  -0.00000017
   665   0.48718768  -0.87329730   0.48718782  -0.87329722  -0.00000016
   666   0.72350516  -0.69031897   0.72350527  -0.69031886  -0.00000016
   667   0.89519409  -0.44567651   0.89519415  -0.44567637  -0.00000015
   668   0.98691799  -0.16122309   0.98691801  -0.16122295  -0.00000015
   669   0.99048345   0.13763191   0.99048343   0.13763205  -0.00000014
   670   0.90557197   0.42419266   0.90557191   0.42419278  -0.00000013
   671   0.73976844   0.67286154   0.73976836   0.67286163  -0.00000013
   672   0.50788361   0.86142570   0.50788350   0.86142576  -0.00000012
   673   0.23063104   0.97304128   0.23063093   0.97304130  -0.00000012
   674  -0.06722311   0.99773797  -0.06722322   0.99773796  -0.00000011
   675  -0.35907242   0.93330970  -0.35907252   0.93330966  -0.00000010
   676  -0.61884686   0.78551166  -0.61884694   0.78551159  -0.00000010
   677  -0.82334155   0.56754620  -0.82334161   0.56754612  -0.00000009
   678  -0.95428960   0.29888352  -0.95428963   0.29888344  -0.00000009
   679  -0.99999380   0.00352248  -0.99999380   0.00352239  -0.00000008
   680  -0.95637153  -0.29215322  -0.95637150  -0.29215330  -0.00000008
   681  -0.82731943  -0.56173175  -0.82731939  -0.56173181  -0.00000007
   682  -0.62436536  -0.78113244  -0.62436531  -0.78113249  -0.00000007
   683  -0.36563859  -0.93075691  -0.36563853  -0.93075693  -0.00000007
   684  -0.07425042  -0.99723963  -0.07425035  -0.99723963  -0.00000006
   685   0.22377033  -0.97464190   0.22377039  -0.97464189  -0.00000006
   686   0.50180234  -0.86498232   0.50180238  -0.86498229  -0.00000005
   687   0.73500984  -0.67805644   0.73500987  -0.67805641  -0.00000005
   688   0.90256110  -0.43056180   0.90256112  -0.43056176  -0.00000005
   689   0.98948926  -0.14460636   0.98948927  -0.14460632  -0.00000004
   690   0.98802930   0.15426634   0.98802929   0.15426638  -0.00000004
   691   0.89831162   0.43935889   0.89831160   0.43935892  -0.00000004
   692   0.72835044   0.68520481   0.72835042   0.68520484  -0.00000003
   693   0.49332788   0.86984343   0.49332786   0.86984345  -0.00000003
   694   0.21423782   0.97678153   0.21423779   0.97678154  -0.00000003
   695  -0.08398947   0.99646664  -0.08398950   0.99646664  -0.00000002
   696  -0.37471424   0.92714036  -0.37471426   0.92714035  -0.00000002
   697  -0.63196689   0.77499538  -0.63196691   0.77499537  -0.00000002
   698  -0.83276783   0.55362238  -0.83276784   0.55362237  -0.00000002
   699  -0.95918010   0.28279594  -0.95918010   0.28279593  -0.00000001
   700  -0.99991166  -0.01329182  -0.99991166  -0.01329183  -0.00000001
   701  -0.95132409  -0.30819226  -0.95132409  -0.30819227  -0.00000001
   702  -0.81775758  -0.57556280  -0.81775758  -0.57556281  -0.00000001
   703  -0.61114322  -0.79152004  -0.61114321  -0.79152004  -0.00000001
   704  -0.34993725  -0.93677314  -0.34993725  -0.93677314  -0.00000000
   705  -0.05747243  -0.99834709  -0.05747243  -0.99834709  -0.00000000
   706   0.24012623  -0.97074167   0.24012623  -0.97074167  -0.00000000
   707   0.51627513  -0.85642279   0.51627513  -0.85642279   0.00000000
   708   0.74630671  -0.66560221   0.74630671  -0.66560221   0.00000000
   709   0.90967293  -0.41532536   0.90967293  -0.41532537   0.00000000
   710   0.99178078  -0.12794874   0.99178078  -0.12794875   0.00000000
   711   0.98529581   0.17085716   0.98529581   0.17085715   0.00000001
   712   0.89079730   0.45440090   0.89079730   0.45440089   0.00000001
   713   0.71672651   0.69735436   0.71672652   0.69735436   0.00000001
   714   0.47863269   0.87801523   0.47863269   0.87801523   0.00000001
   715   0.19778403   0.98024562   0.19778404   0.98024562   0.00000001
   716  -0.10073209   0.99491359  -0.10073208   0.99491359   0.00000001
   717  -0.39025011   0.92070888  -0.39025010   0.92070889   0.00000001
   718  -0.64490825   0.76426000  -0.64490824   0.76426001   0.00000001
   719  -0.84195866   0.53954204  -0.84195865   0.53954206   0.00000001
   720  -0.96379941   0.26662841  -0.96379940   0.26662842   0.00000001
   721  -0.99954682  -0.03010235  -0.99954682  -0.03010234   0.00000001
   722  -0.94600770  -0.32414416  -0.94600770  -0.32414415   0.00000001
   723  -0.80796452  -0.58923113  -0.80796453  -0.58923112   0.00000002
   724  -0.59774828  -0.80168385  -0.59774830  -0.80168384   0.00000002
   725  -0.33413697  -0.94252453  -0.33413699  -0.94252452   0.00000002
   726  -0.04067820  -0.99917230  -0.04067821  -0.99917230   0.00000002
   727   0.25641424  -0.96656699   0.25641422  -0.96656699   0.00000002
   728   0.53060195  -0.84762112   0.53060194  -0.84762113   0.00000002
   729   0.75739258  -0.65295979   0.75739257  -0.65295980   0.00000002
   730   0.91652758  -0.39997150   0.91652757  -0.39997152   0.00000002
   731   0.99379190  -0.11125495   0.99379190  -0.11125497   0.00000002
   732   0.98228375   0.18739967   0.98228375   0.18739966   0.00000002
   733   0.88303112   0.46931444   0.88303113   0.46931443   0.00000002
   734   0.70489995   0.70930675   0.70489996   0.70930674   0.00000002
   735   0.46380216   0.88593880   0.46380218   0.88593879   0.00000002
   736   0.18127431   0.98343257   0.18127433   0.98343257   0.00000002
   737  -0.11744623   0.99307924  -0.11744621   0.99307924   0.00000002
   738  -0.40567565   0.91401710  -0.40567564   0.91401711   0.00000002
   739  -0.65766728   0.75330854  -0.65766726   0.75330855   0.00000002
   740  -0.85091144   0.52530916  -0.85091143   0.52530918   0.00000002
   741  -0.96814622   0.25038549  -0.96814622   0.25038550   0.00000002
   742  -0.99889938  -0.04690438  -0.99889938  -0.04690436   0.00000002
   743  -0.94042384  -0.34000442  -0.94042384  -0.34000440   0.00000002
   744  -0.79794303  -0.60273287  -0.79794304  -0.60273286   0.00000002
   745  -0.58418435  -0.81162100  -0.58418436  -0.81162099   0.00000002
   746  -0.31824222  -0.94800943  -0.31824224  -0.94800943   0.00000002
   747  -0.02387246  -0.99971501  -0.02387248  -0.99971501   0.00000001
   748   0.27262975  -0.96211903   0.27262974  -0.96211903   0.00000001
   749   0.54477876  -0.83857981   0.54477875  -0.83857982   0.00000001
   750   0.76826431  -0.64013276   0.76826430  -0.64013277   0.00000001
   751   0.92312309  -0.38450456   0.92312309  -0.38450457   0.00000001
   752   0.99552204  -0.09452971   0.99552204  -0.09452972   0.00000001
   753   0.97899397   0.20388920   0.97899397   0.20388919   0.00000001
   754   0.87501528   0.48409530   0.87501529   0.48409528   0.00000001
   755   0.69287409   0.72105860   0.69287410   0.72105859   0.00000001
   756   0.44884051   0.89361188   0.44884052   0.89361188   0.00000001
   757   0.16471335   0.98634148   0.16471336   0.98634148   0.00000001
   758  -0.13412716   0.99096413  -0.13412715   0.99096413   0.00000001
   759  -0.42098650   0.90706690  -0.42098649   0.90706691   0.00000001
   760  -0.67024036   0.74214409  -0.67024035   0.74214410   0.00000001
   761  -0.85962365   0.51092776  -0.85962364   0.51092777   0.00000001
   762  -0.97221932   0.23407178  -0.97221932   0.23407179   0.00000001
   763  -0.99796953  -0.06369314  -0.99796953  -0.06369313   0.00000001
   764  -0.93457410  -0.35576855  -0.93457410  -0.35576854   0.00000001
   765  -0.78769594  -0.61606420  -0.78769595  -0.61606420   0.00000001
   766  -0.57045525  -0.82132868  -0.57045526  -0.82132868   0.00000001
   767  -0.30225750  -0.95322631  -0.30225751  -0.95322631   0.00000001
   768  -0.00705998  -0.99997508  -0.00705999  -0.99997508   0.00000001
   769   0.28876819  -0.95739905   0.28876818  -0.95739905   0.00000001
   770   0.55880155  -0.82930141   0.55880154  -0.82930142   0.00000001
   771   0.77891883  -0.62712475   0.77891883  -0.62712475   0.00000001
   772   0.92945762  -0.36892890   0.92945762  -0.36892891   0.00000001
   773   0.99697072  -0.07777773   0.99697072  -0.07777774   0.00000001
   774   0.97542740   0.22032109   0.97542740   0.22032108   0.00000001
   775   0.86675206   0.49873928   0.86675206   0.49873928   0.00000001
   776   0.68065233   0.73260658   0.68065234   0.73260658   0.00000001
   777   0.43375196   0.90103232   0.43375197   0.90103231   0.00000001
   778   0.14810582   0.98897152   0.14810582   0.98897152   0.00000001
   779  -0.15077018   0.98856884  -0.15077017   0.98856884   0.00000001
   780  -0.43617832   0.89986025  -0.43617831   0.89986026   0.00000001
   781  -0.68262395   0.73076983  -0.68262395   0.73076983   0.00000000
   782  -0.86809282   0.49640191  -0.86809282   0.49640191   0.00000000
   783  -0.97601754   0.21769189  -0.97601754   0.21769189   0.00000000
   784  -0.99675752  -0.08046390  -0.99675752  -0.08046390   0.00000000
   785  -0.92846012  -0.37143209  -0.92846013  -0.37143209   0.00000000
   786  -0.77722615  -0.62922136  -0.77722615  -0.62922135   0.00000000
   787  -0.55656487  -0.83080415  -0.55656488  -0.83080415   0.00000000
   788  -0.28618732  -0.95817369  -0.28618732  -0.95817369   0.00000000
   789   0.00975450  -0.99995242   0.00975450  -0.99995242   0.00000000
   790   0.30482498  -0.95240839   0.30482497  -0.95240839   0.00000000
   791   0.57266635  -0.81978854   0.57266634  -0.81978855   0.00000000
   792   0.78935314  -0.61393943   0.78935313  -0.61393943   0.00000000
   793   0.93552936  -0.35324894   0.93552936  -0.35324894   0.00000000
   794   0.99813754  -0.06100377   0.99813754  -0.06100377   0.00000000
   795   0.97158506   0.23669068   0.97158506   0.23669068   0.00000000
   796   0.85824378   0.51324226   0.85824378   0.51324226   0.00000000
   797   0.66823814   0.74394744   0.66823814   0.74394744   0.00000000
   798   0.41854078   0.90819801   0.41854078   0.90819801   0.00000000
   799   0.13145641   0.99132195   0.13145641   0.99132195   0.00000000
   800  -0.16737056   0.98589406  -0.16737056   0.98589406   0.00000000
   801  -0.45124682   0.89239919  -0.45124682   0.89239919   0.00000000
   802  -0.69481454   0.71918895  -0.69481454   0.71918895   0.00000000
   803  -0.87631655   0.48173571  -0.87631655   0.48173571   0.00000000
   804  -0.97953982   0.20125045  -0.97953982   0.20125045   0.00000000
   805  -0.99526371  -0.09721191  -0.99526371  -0.09721191   0.00000000
   806  -0.92208365  -0.38699062  -0.92208365  -0.38699062   0.00000000
   807  -0.76653661  -0.64220061  -0.76653661  -0.64220061   0.00000000
   808  -0.54251714  -0.84004473  -0.54251714  -0.84004473   0.00000000
   809  -0.27003622  -0.96285016  -0.27003622  -0.96285016   0.00000000
   810   0.02656622  -0.99964706   0.02656622  -0.99964706   0.00000000
   811   0.32079558  -0.94714845   0.32079558  -0.94714845   0.00000000
   812   0.58636923  -0.81004390   0.58636923  -0.81004390   0.00000000
   813   0.79956427  -0.60058054   0.79956427  -0.60058054   0.00000000
   814   0.94133660  -0.33746911   0.94133660  -0.33746911   0.00000000
   815   0.99902215  -0.04421256   0.99902215  -0.04421256  -0.00000000
   816   0.96746802   0.25299336   0.96746802   0.25299336  -0.00000000
   817   0.84949285   0.52760013   0.84949285   0.52760013  -0.00000000
   818   0.65563502   0.75507796   0.65563502   0.75507796  -0.00000000
   819   0.40321126   0.91510692   0.40321126   0.91510692  -0.00000000
   820   0.11476984   0.99339211   0.11476984   0.99339211  -0.00000000
   821  -0.18392362   0.98294054  -0.18392362   0.98294054  -0.00000000
   822  -0.46618774   0.88468581  -0.46618774   0.88468581  -0.00000000
   823  -0.70680869   0.70740474  -0.70680869   0.70740474  -0.00000000
   824  -0.88429253   0.46693331  -0.88429253   0.46693331  -0.00000000
   825  -0.98278515   0.18475212  -0.98278515   0.18475212  -0.00000000
   826  -0.99348850  -0.11393243  -0.99348850  -0.11393243  -0.00000000
   827  -0.91544648  -0.40243973  -0.91544648  -0.40243974  -0.00000000
   828  -0.75563035  -0.65499830  -0.75563035  -0.65499830  -0.00000000
   829  -0.52831602  -0.84904781  -0.52831602  -0.84904781  -0.00000000
   830  -0.25380878  -0.96725441  -0.25380878  -0.96725441  -0.00000000
   831   0.04337043  -0.99905906   0.04337043  -0.99905906  -0.00000000
   832   0.33667550  -0.94162074   0.33667550  -0.94162074  -0.00000000
   833   0.59990634  -0.80007024   0.59990634  -0.80007024  -0.00000000
   834   0.80954934  -0.58705184   0.80954934  -0.58705184  -0.00000000
   835   0.94687771  -0.32159386   0.94687771  -0.32159386  -0.00000000
   836   0.99962431  -0.02740885   0.99962431  -0.02740885  -0.00000000
   837   0.96307745   0.26922450   0.96307745   0.26922450  -0.00000000
   838   0.84050175   0.54180884   0.84050174   0.54180884  -0.00000000
   839   0.64284653   0.76599500   0.64284653   0.76599500  -0.00000000
   840   0.38776774   0.92175711   0.38776774   0.92175711  -0.00000000
   841   0.09805082   0.99518141   0.09805082   0.99518141  -0.00000000
   842  -0.20042469   0.97970911  -0.20042469   0.97970911  -0.00000000
   843  -0.48099686   0.87672232  -0.48099686   0.87672232  -0.00000000
   844  -0.71860301   0.69542053  -0.71860301   0.69542053  -0.00000000
   845  -0.89201850   0.45199890  -0.89201850   0.45199890  -0.00000000
   846  -0.98575263   0.16820155  -0.98575263   0.16820155  -0.00000000
   847  -0.99143241  -0.13062074  -0.99143241  -0.13062074  -0.00000000
   848  -0.90855049  -0.41777507  -0.90855049  -0.41777507  -0.00000000
   849  -0.74451046  -0.66761080  -0.74451046  -0.66761080  -0.00000000
   850  -0.51396553  -0.85781084  -0.51396553  -0.85781084  -0.00000000
   851  -0.23750959  -0.97138519  -0.23750958  -0.97138520  -0.00000000
   852   0.06016238  -0.99818860   0.06016238  -0.99818860  -0.00000000
   853   0.35246022  -0.93582680   0.35246022  -0.93582680  -0.00000000
   854   0.61327384  -0.78987037   0.61327384  -0.78987037  -0.00000000
   855   0.81930553  -0.57335717   0.81930553  -0.57335717  -0.00000000
   856   0.95215110  -0.30562769   0.95215110  -0.30562769  -0.00000000
   857   0.99994385  -0.01059740   0.99994385  -0.01059740  -0.00000000
   858   0.95841459   0.28537953   0.95841459   0.28537953  -0.00000000
   859   0.83127301   0.55586436   0.83127301   0.55586436  -0.00000000
   860   0.62987629   0.77669548   0.62987629   0.77669548  -0.00000000
   861   0.37221459   0.92814670   0.37221459   0.92814670  -0.00000000
   862   0.08130408   0.99668934   0.08130408   0.99668934  -0.00000000
   863  -0.21686909   0.97620070  -0.21686909   0.97620070  -0.00000000
   864  -0.49566998   0.86851095  -0.49566998   0.86851095  -0.00000000
   865  -0.73019416   0.68323970  -0.73019416   0.68323970  -0.00000000
   866  -0.89949226   0.43693669  -0.89949226   0.43693669  -0.00000000
   867  -0.98844140   0.15160343  -0.98844140   0.15160343  -0.00000000
   868  -0.98909601  -0.14727212  -0.98909601  -0.14727212  -0.00000000
   869  -0.90139762  -0.43299229  -0.90139762  -0.43299229  -0.00000000
   870  -0.73318007  -0.68003455  -0.73318007  -0.68003455  -0.00000000
   871  -0.49946972  -0.86633134  -0.49946972  -0.86633134  -0.00000000
   872  -0.22114324  -0.97524134  -0.22114324  -0.97524134  -0.00000000
   873   0.07693732  -0.99703593   0.07693732  -0.99703593  -0.00000000
   874   0.36814529  -0.92976827   0.36814529  -0.92976827  -0.00000000
   875   0.62646794  -0.77944719   0.62646794  -0.77944719  -0.00000000
   876   0.82883008  -0.55950040   0.82883008  -0.55950040  -0.00000000
   877   0.95715529  -0.28957511   0.95715529  -0.28957511  -0.00000000
   878   0.99998067   0.00621706   0.99998067   0.00621706  -0.00000000
   879   0.95348076   0.30145388   0.95348076   0.30145388  -0.00000000
   880   0.82180925   0.56976272   0.82180925   0.56976272  -0.00000000
   881   0.61672797   0.78717636   0.61672797   0.78717636  -0.00000000
   882   0.35655621   0.93427387   0.35655621   0.93427387  -0.00000000
   883   0.06453435   0.99791549   0.06453435   0.99791549  -0.00000000
   884  -0.23325217   0.97241628  -0.23325217   0.97241628  -0.00000000
   885  -0.51020297   0.86005403  -0.51020297   0.86005403  -0.00000000
   886  -0.74157886   0.67086571  -0.74157886   0.67086571  -0.00000000
   887  -0.90671172   0.42175095  -0.90671172   0.42175095  -0.00000000
   888  -0.99085072   0.13496244  -0.99085072   0.13496244  -0.00000000
   889  -0.98647997  -0.16388186  -0.98647997  -0.16388187  -0.00000000
   890  -0.89398991  -0.44808709  -0.89398991  -0.44808709  -0.00000000
   891  -0.72164239  -0.69226603  -0.72164239  -0.69226603  -0.00000000
   892  -0.48483271  -0.87460691  -0.48483271  -0.87460691  -0.00000000
   893  -0.20471436  -0.97882176  -0.20471436  -0.97882176  -0.00000000
   894   0.09369051  -0.99560137   0.09369051  -0.99560137  -0.00000000
   895   0.38372628  -0.92344688   0.38372628  -0.92344688  -0.00000000
   896   0.63948493  -0.76880363   0.63948493  -0.76880363  -0.00000000
   897   0.83812030  -0.54548544   0.83812030  -0.54548544  -0.00000000
   898   0.96188887  -0.27344066   0.96188887  -0.27344066  -0.00000000
   899   0.99973478   0.02302976   0.99973478   0.02302976  -0.00000000
   900   0.94827736   0.31744299   0.94827736   0.31744299  -0.00000000
   901   0.81211314   0.58350000   0.81211314   0.58350000  -0.00000000
   902   0.60340528   0.79743468   0.60340528   0.79743468  -0.00000000
   903   0.34079702   0.94013690   0.34079702   0.94013690  -0.00000000
   904   0.04774638   0.99885949   0.04774638   0.99885949  -0.00000000
   905  -0.24956931   0.96835694  -0.24956931   0.96835694  -0.00000000
   906  -0.52459171   0.85135394  -0.52459171   0.85135394  -0.00000000
   907  -0.75275390   0.65830204  -0.75275390   0.65830204  -0.00000000
   908  -0.91367482   0.40644597  -0.91367482   0.40644597  -0.00000000
   909  -0.99297989   0.11828330  -0.99297989   0.11828330  -0.00000000
   910  -0.98358503  -0.18044527  -0.98358503  -0.18044527  -0.00000000
   911  -0.88632944  -0.46305520  -0.88632944  -0.46305520  -0.00000000
   912  -0.70990069  -0.70430179  -0.70990069  -0.70430179  -0.00000000
   913  -0.47005862  -0.88263520  -0.47005862  -0.88263520  -0.00000000
   914  -0.18822761  -0.98212543  -0.18822761  -0.98212543  -0.00000000
   915   0.11041720  -0.99388533   0.11041720  -0.99388533  -0.00000000
   916   0.39919878  -0.91686440   0.39919878  -0.91686440  -0.00000000
   917   0.65232112  -0.75794271   0.65232112  -0.75794271  -0.00000000
   918   0.84717356  -0.53131626   0.84717356  -0.53131626  -0.00000000
   919   0.96635050  -0.25722891   0.96635050  -0.25722891  -0.00000000
   920   0.99920623   0.03983594   0.99920623   0.03983594  -0.00000000
   921   0.94280585   0.33334236   0.94280585   0.33334236  -0.00000000
   922   0.80218743   0.59707230   0.80218743   0.59707230  -0.00000000
   923   0.58991199   0.80746755   0.58991199   0.80746755  -0.00000000
   924   0.32494147   0.94573413   0.32494147   0.94573413   0.00000000
   925   0.03094490   0.99952109   0.03094490   0.99952109   0.00000000
   926  -0.26581589   0.96402381  -0.26581589   0.96402381   0.00000000
   927  -0.53883213   0.84241316  -0.53883213   0.84241316   0.00000000
   928  -0.76371611   0.64555225  -0.76371611   0.64555225   0.00000000
   929  -0.92037960   0.39102608  -0.92037960   0.39102608   0.00000000
   930  -0.99482832   0.10157071  -0.99482832   0.10157071   0.00000000
   931  -0.98041199  -0.19695767  -0.98041199  -0.19695767   0.00000000
   932  -0.87841838  -0.47789240  -0.87841838  -0.47789240   0.00000000
   933  -0.69795827  -0.71613843  -0.69795827  -0.71613843   0.00000000
   934  -0.45515163  -0.89041395  -0.45515163  -0.89041395   0.00000000
   935  -0.17168765  -0.98515144  -0.17168765  -0.98515144   0.00000000
   936   0.12711268  -0.99188828   0.12711268  -0.99188828   0.00000000
   937   0.41455842  -0.91002270   0.41455842  -0.91002270   0.00000000
   938   0.66497288  -0.74686751   0.66497288  -0.74686751   0.00000000
   939   0.85598729  -0.51699686   0.85598729  -0.51699686   0.00000000
   940   0.97053892  -0.24094442   0.97053892  -0.24094442   0.00000000
   941   0.99839518   0.05663086   0.99839518   0.05663086   0.00000000
   942   0.93706779   0.34914748   0.93706779   0.34914748   0.00000000
   943   0.79203491   0.61047580   0.79203491   0.61047580   0.00000000
   944   0.57625192   0.81727212   0.57625192   0.81727212   0.00000000
   945   0.30899406   0.95106397   0.30899406   0.95106397   0.00000000
   946   0.01413468   0.99990010   0.01413468   0.99990010   0.00000000
   947  -0.28198731   0.95941813  -0.28198731   0.95941813   0.00000000
   948  -0.55292021   0.83323420  -0.55292021   0.83323420   0.00000000
   949  -0.77446240   0.63261994  -0.77446240   0.63261994   0.00000000
   950  -0.92682417   0.37549563  -0.92682417   0.37549563   0.00000000
   951  -0.99639549   0.08482941  -0.99639549   0.08482941   0.00000000
   952  -0.97696177  -0.21341437  -0.97696177  -0.21341437   0.00000000
   953  -0.87025897  -0.49259448  -0.87025897  -0.49259448   0.00000000
   954  -0.68581853  -0.72777259  -0.68581853  -0.72777259   0.00000000
   955  -0.44011595  -0.89794095  -0.44011595  -0.89794095   0.00000000
   956  -0.15509914  -0.98789891  -0.15509914  -0.98789891   0.00000000
   957   0.14377223  -0.98961081   0.14377223  -0.98961081   0.00000000
   958   0.42980084  -0.90292372   0.42980084  -0.90292372   0.00000000
   959   0.67743663  -0.73558114   0.67743663  -0.73558114   0.00000000
   960   0.86455902  -0.50253129   0.86455902  -0.50253129   0.00000000
   961   0.97445293  -0.22459182   0.97445293  -0.22459182   0.00000000
   962   0.99730186   0.07340978   0.99730186   0.07340978   0.00000000
   963   0.93106479   0.36485389   0.93106479   0.36485389   0.00000000
   964   0.78165847   0.62370669   0.78165847   0.62370669   0.00000000
   965   0.56242893   0.82684563   0.56242893   0.82684563   0.00000000
   966   0.29295928   0.95612492   0.29295928   0.95612492   0.00000000
   967  -0.00267954   0.99999641  -0.00267954   0.99999641   0.00000000
   968  -0.29807901   0.95454120  -0.29807901   0.95454120   0.00000000
   969  -0.56685197   0.82381967  -0.56685197   0.82381967   0.00000000
   970  -0.78498973   0.61950878  -0.78498973   0.61950878   0.00000000
   971  -0.93300669   0.35985902  -0.93300669   0.35985902   0.00000000
   972  -0.99768095   0.06806412  -0.99768095   0.06806412   0.00000000
   973  -0.97323534  -0.22981074  -0.97323534  -0.22981074   0.00000000
   974  -0.86185351  -0.50715730  -0.86185351  -0.50715730   0.00000000
   975  -0.67348488  -0.73920100  -0.67348488  -0.73920100   0.00000000
   976  -0.42495585  -0.90521408  -0.42495585  -0.90521408   0.00000000
   977  -0.13846678  -0.99036708  -0.13846678  -0.99036708   0.00000000
   978   0.16039112  -0.98705354   0.16039112  -0.98705354   0.00000000
   979   0.44492175  -0.89556945   0.44492175  -0.89556945   0.00000000
   980   0.68970885  -0.72408680   0.68970885  -0.72408680   0.00000000
   981   0.87288632  -0.48792364   0.87288632  -0.48792364   0.00000000
   982   0.97809144  -0.20817571   0.97809144  -0.20817571   0.00000000
   983   0.99592658   0.09016793   0.99592658   0.09016793   0.00000000
   984   0.92479855   0.38045714   0.92479855   0.38045714   0.00000000
   985   0.77106103   0.63676125   0.77106103   0.63676125   0.00000000
   986   0.54844692   0.83618537   0.54844692   0.83618537   0.00000000
   987   0.27684168   0.96091554   0.27684168   0.96091554   0.00000000
   988  -0.01949300   0.99980999  -0.01949300   0.99980999   0.00000000
   989  -0.31408643   0.94939439  -0.31408643   0.94939439   0.00000000
   990  -0.58062346   0.81417222  -0.58062346   0.81417222   0.00000000
   991  -0.79529512   0.60622247  -0.79529512   0.60622247   0.00000000
   992  -0.93892543   0.34412067  -0.93892543   0.34412067   0.00000000
   993  -0.99868434   0.05127959  -0.99868434   0.05127959   0.00000000
   994  -0.96923374  -0.24614214  -0.96923374  -0.24614214   0.00000000
   995  -0.85320439  -0.52157672  -0.85320439  -0.52157672   0.00000000
   996  -0.66096082  -0.75042041  -0.66096082  -0.75042041   0.00000000
   997  -0.40967560  -0.91223128  -0.40967560  -0.91223128   0.00000000
   998  -0.12179527  -0.99255524  -0.12179527  -0.99255524   0.00000000
   999   0.17696467  -0.98421721   0.17696467  -0.98421721   0.00000000
