#  b = [b0:  0.02868000, b1:  0.00080000, b2: -0.02788000]
#  a = [a0:  1.00000000, a1: -2.00000000, a2:  1.00000000]
#  index      real(x)      imag(x)      real(y)      imag(y)        error
       0   1.00000000   0.00000000   1.00000000   0.00000000   0.00000000
       1   0.95533651   0.29552022   1.00000000   0.00000000   0.29999998
       2   0.82533562   0.56464249   0.99996299   0.00860389   0.59139597
       3   0.62160993   0.78332692   0.99940807   0.03440244   0.86559087
       4   0.36235771   0.93203908   0.99702549   0.07707223   1.12285137
       5   0.07073720   0.99749500   0.99072605   0.13587438   1.36370409
       6  -0.22720204   0.97384763   0.97775495   0.20975059   1.58868015
       7  -0.50484604   0.86320943   0.95483482   0.29713714   1.79830694
       8  -0.73739362   0.67546326   0.91835511   0.39575735   1.99310744
       9  -0.90407205   0.42738006   0.86462128   0.50242418   2.17359948
      10  -0.98999244   0.14112024   0.79017323   0.61288357   2.34029508
      11  -0.98747981  -0.15774541   0.69217360   0.72173107   2.49369979
      12  -0.89675856  -0.44252014   0.56885231   0.82243967   2.63431311
      13  -0.72593254  -0.68776590   0.41998029   0.90753323   2.76262689
      14  -0.49026099  -0.87157565   0.24732837   0.96893173   2.87912536
      15  -0.21079580  -0.97753012   0.05505383   0.99848336   2.98428535
      16   0.08749917  -0.99616462  -0.15006013   0.98867685   3.07857466
      17   0.37797809  -0.92581451  -0.35858449   0.93349725  -3.12073231
      18   0.63469332  -0.77276415  -0.40102163   0.91606861  -2.86661291
      19   0.83471322  -0.55068493  -0.28400695   0.95882219  -2.44195151
      20   0.96017057  -0.27941459  -0.17704840   0.98420215  -2.03196740
      21   0.99985862   0.01681504  -0.08758114   0.99615741  -1.64167404
      22   0.95023215   0.31154263  -0.01677236   0.99985933  -1.27075338
      23   0.81572419   0.57844102   0.03524701   0.99937862  -0.91872573
      24   0.60834998   0.79366893   0.06882249   0.99762893  -0.58510298
      25   0.34663352   0.93800062   0.08448539   0.99642473  -0.26939350
      26   0.05395333   0.99854344   0.08278132   0.99656773   0.02889663
      27  -0.24354637   0.96988928   0.06419837   0.99793714   0.31026319
      28  -0.51929075   0.85459763   0.02917217   0.99957442   0.57519710
      29  -0.74864841   0.66296721  -0.02182803   0.99976176   0.82419127
      30  -0.91113144   0.41211587  -0.08817001   0.99610543   1.05773664
      31  -0.99222571   0.12445140  -0.16888510   0.98563576   1.27632308
      32  -0.98468727  -0.17432998  -0.26247263   0.96493942   1.48043787
      33  -0.88918960  -0.45753893  -0.36669993   0.93033928   1.67056239
      34  -0.71426314  -0.69987726  -0.47841227   0.87813538   1.84717631
      35  -0.47553357  -0.87969756  -0.59339720   0.80490977   2.01074934
      36  -0.19432598  -0.98093700  -0.70630890   0.70790374   2.16175199
      37   0.10424020  -0.99455214  -0.81071746   0.58543766   2.30064607
      38   0.39349490  -0.91932678  -0.89928669   0.43735960   2.42788696
      39   0.64759982  -0.76198059  -0.96411669   0.26547879   2.54392719
      40   0.84385651  -0.53656888  -0.99726480   0.07391183   2.64920616
      41   0.96473390  -0.26322702  -0.99142319  -0.13069077   2.74416137
      42   0.99943441   0.03362820  -0.94073421  -0.33914480   2.82921958
      43   0.94485831   0.32747948  -0.84166968  -0.53999269   2.90479898
      44   0.80588067   0.59207797  -0.69389385  -0.72007728   2.97131395
      45   0.59491605   0.80378783  -0.50098157  -0.86545795   3.02916408
      46   0.33080930   0.94369763  -0.27088979  -0.96261036   3.07874894
      47   0.03715229   0.99930960  -0.01601674  -0.99987173   3.12044930
      48  -0.25982344   0.96565616   0.24719329  -0.96896619  -3.12853599
      49  -0.53358990   0.84574336   0.33586425  -0.94191039  -2.92127562
      50  -0.75969225   0.65028274   0.25898987  -0.96588004  -2.54072905
      51  -0.91793352   0.39673427   0.19223958  -0.98134804  -2.17219639
      52  -0.99417841   0.10774664   0.14155510  -0.98993039  -1.82078469
      53  -0.98161614  -0.19086570   0.10729174  -0.99422759  -1.48625100
      54  -0.88136941  -0.47242770   0.08931784  -0.99600315  -1.16819012
      55  -0.70239300  -0.71178937   0.08733720  -0.99617881  -0.86620247
      56  -0.46067420  -0.88756931   0.10094729  -0.99489176  -0.57987416
      57  -0.17780495  -0.98406577   0.12967493  -0.99155658  -0.30879655
      58   0.12094701  -0.99265897   0.17291272  -0.98493713  -0.05254233
      59   0.40889516  -0.91258138   0.22987510  -0.97322011   0.18929370
      60   0.66031814  -0.75098598   0.29944009  -0.95411509   0.41713655
      61   0.85275716  -0.52230763   0.38004142  -0.92496943   0.63140047
      62   0.96902227  -0.24697329   0.46951839  -0.88292271   0.83249551
      63   0.99872798   0.05042231   0.56496978  -0.82511157   1.02084339
      64   0.93922073   0.34331384   0.66267699  -0.74890536   1.19685161
      65   0.79581612   0.60553837   0.75804174  -0.65220606   1.36093318
      66   0.58132398   0.81367218   0.84563506  -0.53376150   1.51348388
      67   0.31490415   0.94912350   0.91931266  -0.39352790   1.65490663
      68   0.02035504   0.99979281   0.97247684  -0.23299968   1.78560102
      69  -0.27601233   0.96115410   0.99845988  -0.05547899   1.90594661
      70  -0.54772449   0.83665878   0.99102277   0.13369338   2.01634359
      71  -0.77051026   0.63742757   0.94498384   0.32711706   2.11718655
      72  -0.92446899   0.38125721   0.85687542   0.51552355   2.20881820
      73  -0.99584812   0.09103040   0.72565025   0.68806374   2.29161859
      74  -0.97827154  -0.20732784   0.55329788   0.83298349   2.36595702
      75  -0.87330931  -0.48716620   0.34530523   0.93849045   2.43220234
      76  -0.69033730  -0.72348768   0.11082169   0.99384028   2.49068737
      77  -0.44569990  -0.89518243  -0.13745129   0.99050856   2.54174876
      78  -0.16124964  -0.98691368  -0.38380697   0.92341334   2.58572030
      79   0.13760450  -0.99048728  -0.61050993   0.79200858   2.62293100
      80   0.42416692  -0.90558404  -0.79917115   0.60110354   2.65371943
      81   0.67283994  -0.73978806  -0.93248731   0.36120272   2.67839456
      82   0.86141050  -0.50790942  -0.99609268   0.08831422   2.69726586
      83   0.97303420  -0.23066093  -0.98041952  -0.19692010   2.71062016
      84   0.99774009   0.06719171  -0.88229573  -0.47069556   2.71875596
      85   0.93332130   0.35904235  -0.70605105  -0.70816094   2.72194409
      86   0.78553206   0.61882097  -0.46392879  -0.88587248   2.72046232
      87   0.56757402   0.82332242  -0.17561097  -0.98445964   2.71456265
      88   0.29891646   0.95427930   0.13310646  -0.99110174   2.70453286
      89   0.00355777   0.99999368   0.43263477  -0.90156925   2.69062161
      90  -0.29211876   0.95638204   0.69252121  -0.72139752   2.67305613
      91  -0.56170130   0.82734013   0.88474327  -0.46607867   2.65209055
      92  -0.78110898   0.62439471   0.98711485  -0.16001344   2.62794065
      93  -0.93074286   0.36567429   0.98618436   0.16565132   2.60081720
      94  -0.99723673   0.07428941   0.87935174   0.47617278   2.57093763
      95  -0.97465080  -0.22373147   0.67581242   0.73707366   2.53850389
      96  -0.86500269  -0.50176722   0.39611059   0.91820282   2.50371408
      97  -0.67808688  -0.73498178   0.07028879   0.99752671   2.46678281
      98  -0.43059984  -0.90254295  -0.26535848   0.96414983   2.42785954
      99  -0.14464882  -0.98948306  -0.57228005   0.82005829   2.38715100
     100   0.15422319  -0.98803604  -0.81435794   0.58036292   2.34481192
     101   0.43931895  -0.89833117  -0.96232492   0.27190202   2.30100560
     102   0.68517190  -0.72838140  -0.99756736  -0.06970919   2.25587034
     103   0.86982077  -0.49336788  -0.91468912  -0.40415815   2.20957685
     104   0.97677153  -0.21428347  -0.72249752  -0.69137347   2.16224599
     105   0.99647063   0.08394215  -0.44321960  -0.89641309   2.11402440
     106   0.92715842   0.37466949  -0.10999562  -0.99393207   2.06505537
     107   0.77502513   0.63193035   0.23712005  -0.97148037   2.01543760
     108   0.55366224   0.83274132   0.55597550  -0.83119869   1.96530092
     109   0.28284261   0.95916635   0.80758166  -0.58975571   1.91479623
     110  -0.01324242   0.99991232   0.96107531  -0.27628660   1.86396730
     111  -0.30814454   0.95133954   0.99747372   0.07103658   1.81294191
     112  -0.57552117   0.81778687   0.91218448   0.40977979   1.76182497
     113  -0.79148847   0.61118412   0.71559203   0.69851846   1.71071184
     114  -0.93675476   0.34998637   0.43172193   0.90200675   1.65964067
     115  -0.99834400   0.05752556   0.09535136   0.99544370   1.60873544
     116  -0.97075462  -0.24007383  -0.25238553   0.96762675   1.55809343
     117  -0.85645103  -0.51622826  -0.56917793   0.82221437   1.50773180
     118  -0.66564363  -0.74626976  -0.81661254   0.57718623   1.45771921
     119  -0.41537654  -0.90964955  -0.96491444   0.26256448   1.40811861
     120  -0.12800531  -0.99177349  -0.99652153  -0.08333581   1.35900629
     121   0.17080021  -0.98530567  -0.90812600  -0.41869706   1.31042802
     122   0.45434874  -0.89082390  -0.71090674  -0.70328629   1.26242769
     123   0.69731182  -0.71676791  -0.42906427  -0.90327394   1.21509683
     124   0.87798649  -0.47868544  -0.09666957  -0.99531651   1.16846025
     125   0.98023361  -0.19784367   0.24655382  -0.96912909   1.12251604
     126   0.99491978   0.10067079   0.55993474  -0.82853675   1.07733095
     127   0.92073321   0.39019269   0.80684352  -0.59076518   1.03284776
     128   0.76430070   0.64485997   0.95871538  -0.28436741   0.98918664
     129   0.53959584   0.84192419   0.99852079   0.05437146   0.94644105
     130   0.26669073   0.96378219   0.92248666   0.38602892   0.90451562
     131  -0.03003696   0.99954879   0.74024308   0.67233932   0.86347336
     132  -0.32408154   0.94602913   0.47354850   0.88076776   0.82335597
     133  -0.58917701   0.80800396   0.15345034   0.98815638   0.78409892
     134  -0.80164337   0.59780258  -0.18319173   0.98307723   0.74580699
     135  -0.94250166   0.33420151  -0.49824831   0.86703438   0.70846111
     136  -0.99916947   0.04074738  -0.75654942   0.65393656   0.67201746
     137  -0.96658492  -0.25634658  -0.92965281   0.36843672   0.63656747
     138  -0.84765869  -0.53054196  -0.99908364   0.04280110   0.60205394
     139  -0.65301394  -0.75734586  -0.95803553  -0.28664947   0.56851131
     140  -0.40003777  -0.91649866  -0.81197405  -0.58369350   0.53596812
     141  -0.11132755  -0.99378377  -0.57770526  -0.81624544   0.50435573
     142   0.18732716  -0.98229760  -0.28143483  -0.95958036   0.47372946
     143   0.46924859  -0.88306612   0.04441206  -0.99901330   0.44401300
     144   0.70925361  -0.70495337   0.36460963  -0.93116045   0.41522536
     145   0.88590348  -0.46386960   0.64501208  -0.76417238   0.38739902
     146   0.98341864  -0.18134990   0.85622358  -0.51660538   0.36052263
     147   0.99308836   0.11736914   0.97656465  -0.21522421   0.33456168
     148   0.91404891   0.40560400   0.99415833   0.10793164   0.30949721
     149   0.75336057   0.65760761   0.90803409   0.41889626   0.28540930
     150   0.52537715   0.85086948   0.72797966   0.68559873   0.26221222
     151   0.25046360   0.96812600   0.47329256   0.88090533   0.23986562
     152  -0.04682302   0.99890321   0.17070858   0.98532158   0.21838892
     153  -0.33992711   0.94045180  -0.14854385   0.98890585   0.19774376
     154  -0.60266668   0.79799306  -0.45191276   0.89206213   0.17793027
     155  -0.81157207   0.58425230  -0.70882863   0.70538074   0.15900171
     156  -0.94798255   0.31832233  -0.89389795   0.44827056   0.14087042
     157  -0.99971294   0.02395770  -0.98914045   0.14697355   0.12354790
     158  -0.96214247  -0.27254698  -0.98574167  -0.16826570   0.10696921
     159  -0.83862710  -0.54470599  -0.88473743  -0.46608973   0.09117254
     160  -0.64020002  -0.76820827  -0.69671905  -0.71734411   0.07605492
     161  -0.38458607  -0.92308915  -0.44075239  -0.89762872   0.06167733
     162  -0.09461838  -0.99551362  -0.14230376  -0.98982304   0.04802835
     163   0.20380124  -0.97901231   0.16938303  -0.98555028   0.03503546
     164   0.48401600  -0.87505913   0.46401340  -0.88582820   0.02271782
     165   0.72099531  -0.69293994   0.71326596  -0.70089346   0.01109063
     166   0.89357054  -0.44892284   0.89354938  -0.44896489   0.00004709
     167   0.98632616  -0.16480498   0.98797816  -0.15459363  -0.01034417
     168   0.99097669   0.13403435   0.98809105   0.15387015  -0.02004494
     169   0.90710664   0.42090085   0.89443302   0.44720194  -0.02919639
     170   0.74220788   0.67016971   0.71631771   0.69777423  -0.03784815
     171   0.51101023   0.85957462   0.47101375   0.88212585  -0.04592000
     172   0.23416580   0.97219670   0.18199326   0.98329979  -0.05334724
     173  -0.06359587   0.99797571  -0.12360047   0.99233204  -0.06027854
     174  -0.35567674   0.93460906  -0.41727394   0.90878075  -0.06680551
     175  -0.61598623   0.78775692  -0.67173064   0.74079549  -0.07290520
     176  -0.82127178   0.57053721  -0.86345369   0.50442809  -0.07844032
     177  -0.95319593   0.30235332  -0.97510785   0.22173117  -0.08357111
     178  -0.99997437   0.00716126  -0.99671274  -0.08101676  -0.08826698
     179  -0.95742851  -0.28867048  -0.92664230  -0.37594420  -0.09257759
     180  -0.82935888  -0.55871630  -0.77175325  -0.63592207  -0.09636560
     181  -0.62720543  -0.77885389  -0.54649127  -0.83746481  -0.09979115
     182  -0.36902589  -0.92941910  -0.27160153  -0.96240979  -0.10290398
     183  -0.07788251  -0.99696255   0.02771987  -0.99961573  -0.10568488
     184   0.22021782  -0.97545069   0.32425237  -0.94597059  -0.10818352
     185   0.49864686  -0.86680526   0.59106588  -0.80662328  -0.11034261
     186   0.73253345  -0.68073100   0.80411154  -0.59447849  -0.11214320
     187   0.90098542  -0.43384939   0.94439018  -0.32882705  -0.11369955
     188   0.98895538  -0.14821354   0.99943042  -0.03374719  -0.11500802
     189   0.98858535   0.15066175   0.96448898   0.26412314  -0.11605704
     190   0.89990842   0.43607894   0.84293360   0.53801763  -0.11684670
     191   0.73084575   0.68254268   0.64588600   0.76343387  -0.11737697
     192   0.49649909   0.86803722   0.39119035   0.92030978  -0.11763631
     193   0.21780191   0.97599298   0.10158205   0.99482715  -0.11780418
     194  -0.08035078   0.99676663  -0.19684102   0.98043543  -0.11769736
     195  -0.37132600   0.92850256  -0.47756267   0.87859768  -0.11744177
     196  -0.62913197   0.77729851  -0.71559083   0.69851971  -0.11703359
     197  -0.83073974   0.55666107  -0.88974661   0.45645475  -0.11635457
     198  -0.95814031   0.28629899  -0.98476517   0.17388940  -0.11558402
     199  -0.99995357  -0.00963720  -0.99229956  -0.12386105  -0.11454261
     200  -0.95244437  -0.30471253  -0.91181749  -0.41059569  -0.11347068
     201  -0.81985658  -0.57256895  -0.75052059  -0.66084707  -0.11231102
     202  -0.61403382  -0.78927970  -0.52281600  -0.85244554  -0.11101022
     203  -0.35336155  -0.93548685  -0.24894050  -0.96851879  -0.10957587
     204  -0.06112467  -0.99813014   0.04694242  -0.99889761  -0.10812248
     205   0.23657227  -0.97161388   0.33850008  -0.94096637  -0.10648596
     206   0.51313698  -0.85830671   0.60004652  -0.79996508  -0.10472359
     207   0.74386495  -0.66832995   0.80861610  -0.58833659  -0.10296124
     208   0.90814602  -0.41865355   0.94577736  -0.32481563  -0.10114542
     209   0.99130553  -0.13158026   0.99946606  -0.03267330  -0.09928381
     210   0.98591506   0.16724664   0.96498328   0.26231128  -0.09738028
     211   0.89245623   0.45113397   0.84543514   0.53407812  -0.09538139
     212   0.71927732   0.69472307   0.65138012   0.75875157  -0.09335958
     213   0.48184785   0.87625492   0.39993984   0.91654140  -0.09131109
     214   0.20137283   0.97951466   0.11332894   0.99355751  -0.08918632
     215  -0.09709060   0.99527556  -0.18325616   0.98306519  -0.08705389
     216  -0.38688105   0.92212963  -0.46364731   0.88601983  -0.08486046
     217  -0.64211184   0.76661098  -0.70322305   0.71096933  -0.08267082
     218  -0.83998358   0.54261184  -0.88086593   0.47336587  -0.08043540
     219  -0.96282053   0.27014181  -0.98098463   0.19408545  -0.07821523
     220  -0.99964988  -0.02645963  -0.99475890  -0.10224830  -0.07596458
     221  -0.94718170  -0.32069749  -0.92095685  -0.38966465  -0.07380164
     222  -0.81010282  -0.58628780  -0.76607221  -0.64275450  -0.07161966
     223  -0.60065848  -0.79950571  -0.54374623  -0.83924973  -0.06943003
     224  -0.33755797  -0.94130474  -0.27355286  -0.96185696  -0.06723653
     225  -0.04430384  -0.99901807   0.02073090  -0.99978507  -0.06505073
     226   0.25290790  -0.96749038   0.31319672  -0.94968826  -0.06287257
     227   0.52752769  -0.84953785   0.57805258  -0.81599951  -0.06065239
     228   0.75502408  -0.65569711   0.79207641  -0.61042196  -0.05851233
     229   0.91507500  -0.40328369   0.93633401  -0.35111052  -0.05634559
     230   0.99338335  -0.11484545   0.99815071  -0.06078771  -0.05427421
     231   0.98295397   0.18385181   0.97199661   0.23499486  -0.05230964
     232   0.88471842   0.46612582   0.86017138   0.51000512  -0.05028403
     233   0.70745206   0.70676130   0.67248929   0.74010682  -0.04831949
     234   0.46698982   0.88426268   0.42544734   0.90498316  -0.04642739
     235   0.18481192   0.98277390   0.14086747   0.99002844  -0.04454292
     236  -0.11387501   0.99349511  -0.15616967   0.98773026  -0.04268897
     237  -0.40238962   0.91546851  -0.43944752   0.89826828  -0.04085789
     238  -0.65495926   0.75566423  -0.68397206   0.72950822  -0.03906498
     239  -0.84902209   0.52835733  -0.86813980   0.49631974  -0.03731025
     240  -0.96724284   0.25385287  -0.97565383   0.21931633  -0.03554786
     241  -0.99906093  -0.04332794  -0.99702334  -0.07709997  -0.03383506
     242  -0.94163406  -0.33663830  -0.93034071  -0.36669621  -0.03211084
     243  -0.80009210  -0.59987718  -0.78141642  -0.62400991  -0.03051626
     244  -0.58707887  -0.80952972  -0.56342363  -0.82616818  -0.02892173
     245  -0.32162258  -0.94686794  -0.29555395  -0.95532602  -0.02740729
     246  -0.02743612  -0.99962354  -0.00147041  -0.99999893  -0.02596916
     247   0.26920116  -0.96308398   0.29265568  -0.95621789  -0.02443947
     248   0.54179102  -0.84051323   0.56102943  -0.82779586  -0.02306234
     249   0.76598334  -0.64286041   0.77976185  -0.62607622  -0.02171580
     250   0.92175126  -0.38778165   0.92942876  -0.36900163  -0.02028911
     251   0.99518025  -0.09806278   0.99686611  -0.07910767  -0.01903021
     252   0.97971094   0.20041591   0.97594655   0.21801008  -0.01799262
     253   0.87672514   0.48099166   0.86844242   0.49579003  -0.01695884
     254   0.69542259   0.71860099   0.68392730   0.72955018  -0.01587550
     255   0.45199874   0.89201856   0.43875152   0.89860845  -0.01479593
     256   0.16819836   0.98575318   0.15471102   0.98795974  -0.01366674
     257  -0.13062698   0.99143159  -0.14305411   0.98971486  -0.01254524
     258  -0.41778356   0.90854657  -0.42808679   0.90373760  -0.01137031
     259  -0.66762000   0.74450219  -0.67536139   0.73748696  -0.01044719
     260  -0.85781878   0.51395226  -0.86274028   0.50564736  -0.00965363
     261  -0.97138959   0.23749162  -0.97346437   0.22883853  -0.00889839
     262  -0.99818730  -0.06018389  -0.99766988  -0.06822639  -0.00805915
     263  -0.93581814  -0.35248324  -0.93321872  -0.35930884  -0.00730384
     264  -0.78985339  -0.61329567  -0.78582978  -0.61844289  -0.00653328
     265  -0.57333201  -0.81932312  -0.56862611  -0.82259607  -0.00573215
     266  -0.30559555  -0.95216143  -0.30092576  -0.95364755  -0.00490056
     267  -0.01056059  -0.99994421  -0.00650702  -0.99997884  -0.00405372
     268   0.28541774  -0.95840323   0.28845319  -0.95749402  -0.00316871
     269   0.55590004  -0.83124918   0.55798054  -0.82985407  -0.00250498
     270   0.77672440  -0.62984061   0.77802181  -0.62823731  -0.00206247
     271   0.92816496  -0.37216911   0.92876661  -0.37066504  -0.00161994
     272   0.99669355  -0.08125219   0.99678856  -0.08007859  -0.00117745
     273   0.97618872   0.21692289   0.97603071   0.21763282  -0.00072730
     274   0.86848211   0.49572051   0.86828035   0.49607381  -0.00040686
     275   0.68319499   0.73023599   0.68322104   0.73021162   0.00003567
     276   0.43687889   0.89952034   0.43730894   0.89931136   0.00047812
     277   0.15153688   0.98845160   0.15245436   0.98831052   0.00092827
     278  -0.14734173   0.98908567  -0.14598578   0.98928666   0.00137076
     279  -0.43305847   0.90136582  -0.43142334   0.90214962   0.00181329
     280  -0.68009061   0.73312807  -0.67843509   0.73466033   0.00225577
     281  -0.86637104   0.49940082  -0.86507779   0.50163776   0.00258386
     282  -0.97525960   0.22106269  -0.97458613   0.22401316   0.00302637
     283  -0.99702936  -0.07702270  -0.99729049  -0.07356369   0.00346886
     284  -0.92973560  -0.36822775  -0.93116879  -0.36458841   0.00391139
     285  -0.77938974  -0.62653947  -0.78196281  -0.62332511   0.00411738
     286  -0.55942184  -0.82888311  -0.56279206  -0.82659853   0.00407157
     287  -0.28948146  -0.95718360  -0.29342735  -0.95598137   0.00412498
     288   0.00631795  -0.99998003   0.00229218  -0.99999738   0.00402581
     289   0.30155298  -0.95344943   0.29782867  -0.95461935   0.00390376
     290   0.56985062  -0.82174826   0.56646240  -0.82408762   0.00411738
     291   0.78724420  -0.61664134   0.78465605  -0.61993134   0.00418599
     292   0.93431419  -0.35645053   0.93283314  -0.36030865   0.00413264
     293   0.99792296  -0.06441844   0.99765348  -0.06846580   0.00405632
     294   0.97238845   0.23336808   0.97330260   0.22952582   0.00394952
     295   0.85999167   0.51030809   0.86193466   0.50701940   0.00381977
     296   0.67077279   0.74166292   0.67366290   0.73903877   0.00390370
     297   0.42163455   0.90676582   0.42544731   0.90498322   0.00420891
     298   0.13483223   0.99086845   0.13905439   0.99028474   0.00426231
     299  -0.16401450   0.98645794  -0.15998918   0.98711878   0.00407922
     300  -0.44821003   0.89392829  -0.44464180   0.89570850   0.00398765
     301  -0.69236743   0.72154510  -0.68965596   0.72413719   0.00375114
     302  -0.87467653   0.48470709  -0.87280005   0.48807794   0.00385795
     303  -0.97885180   0.20457080  -0.97801393   0.20853965   0.00405633
     304  -0.99558735  -0.09383957  -0.99596661  -0.08972439   0.00413263
     305  -0.92338824  -0.38386735  -0.92490292  -0.38020334   0.00396476
     306  -0.76870400  -0.63960475  -0.77102977  -0.63679904   0.00364433
     307  -0.54535228  -0.83820695  -0.54842252  -0.83620137   0.00366724
     308  -0.27328491  -0.96193314  -0.27704528  -0.96085685   0.00391139
     309   0.02319469  -0.99973094   0.01929184  -0.99981391   0.00390374
     310   0.31760234  -0.94822401   0.31389830  -0.94945663   0.00390376
     311   0.58363891  -0.81201333   0.58029062  -0.81440943   0.00411732
     312   0.79753977  -0.60326642   0.79506761  -0.60652077   0.00408686
     313   0.94019729  -0.34063044   0.93889189  -0.34421214   0.00381217
     314   0.99886811  -0.04756634   0.99868226  -0.05132052   0.00375878
     315   0.96831119   0.24974680   0.96928251   0.24595007   0.00391900
     316   0.85125619   0.52475035   0.85332602   0.52137768   0.00395716
     317   0.65815943   0.75287855   0.66089308   0.75048006   0.00363670
     318   0.40627012   0.91375303   0.40948609   0.91231638   0.00352225
     319   0.11808917   0.99300301   0.12182080   0.99255210   0.00375878
     320  -0.18064056   0.98354918  -0.17683722   0.98424011   0.00386559
     321  -0.46323389   0.88623607  -0.45970976   0.88806921   0.00397239
     322  -0.70444709   0.70975655  -0.70162749   0.71254390   0.00396479
     323  -0.88273281   0.46987528  -0.88098568   0.47314289   0.00370536
     324  -0.98216510   0.18802062  -0.98149234   0.19150136   0.00354517
     325  -0.99386168  -0.11062970  -0.99426645  -0.10693115   0.00372064
     326  -0.91677779  -0.39939761  -0.91828161  -0.39592782   0.00378166
     327  -0.75779927  -0.65248781  -0.76037526  -0.64948398   0.00395713
     328  -0.53112733  -0.84729201  -0.53442448  -0.84521621   0.00389616
     329  -0.25701049  -0.96640861  -0.26058963  -0.96544969   0.00370538
     330   0.04006483  -0.99919707   0.03620967  -0.99934423   0.00385796
     331   0.33356118  -0.94272846   0.32977766  -0.94405866   0.00401054
     332   0.59726095  -0.80204701   0.59411311  -0.80438149   0.00391902
     333   0.80760807  -0.58971959   0.80548972  -0.59260970   0.00358332
     334   0.94581252  -0.32471329   0.94468045  -0.32799220   0.00346885
     335   0.99952865  -0.03070069   0.99941689  -0.03414485   0.00344598
     336   0.96395802   0.26605436   0.96489519   0.26263532   0.00354517
     337   0.84227818   0.53904307   0.84423703   0.53596997   0.00364433
     338   0.64535862   0.76387972   0.64821368   0.76145846   0.00374351
     339   0.39078996   0.92047989   0.39432418   0.91897142   0.00384269
     340   0.10131247   0.99485463   0.10523327   0.99444759   0.00394187
     341  -0.19721515   0.98036021  -0.19349138   0.98110199   0.00379693
     342  -0.47812578   0.87829137  -0.47491509   0.88003165   0.00365201
     343  -0.71632600   0.69776577  -0.71371955   0.70043159   0.00372831
     344  -0.89053762   0.45490959  -0.88880396   0.45828763   0.00379691
     345  -0.98519856   0.17141688  -0.98452729   0.17523147   0.00387321
     346  -0.99185294  -0.12738833  -0.99234831  -0.12347000   0.00394953
     347  -0.90990621  -0.41481405  -0.91151547  -0.41126582   0.00389610
     348  -0.74667865  -0.66518497  -0.74915344  -0.66239655   0.00372825
     349  -0.51675111  -0.85613567  -0.51997852  -0.85417932   0.00377406
     350  -0.24066286  -0.97060877  -0.24436864  -0.96968240   0.00381982
     351   0.05692355  -0.99837852   0.05305619  -0.99859154   0.00387322
     352   0.34942502  -0.93696433   0.34575039  -0.93832654   0.00391902
     353   0.61071277  -0.79185218   0.60766542  -0.79419315   0.00384272
     354   0.81744629  -0.57600480   0.81534171  -0.57898003   0.00364436
     355   0.95115829  -0.30870363   0.95001978  -0.31218967   0.00366724
     356   0.99990439  -0.01382629   0.99984658  -0.01751596   0.00369012
     357   0.95933026   0.28228611   0.96040368   0.27861229   0.00382743
     358   0.83306026   0.55318224   0.83518404   0.54997063   0.00385032
     359   0.63237399   0.77466327   0.63536966   0.77220815   0.00387321
     360   0.37519845   0.92694449   0.37891299   0.92543232   0.00401054
     361   0.08450690   0.99642289   0.08828203   0.99609554   0.00378930
     362  -0.21373355   0.97689199  -0.21024661   0.97764838   0.00356803
     363  -0.49288145   0.87009650  -0.48967400   0.87190562   0.00368247
     364  -0.72800082   0.68557626  -0.72547650   0.68824691   0.00367487
     365  -0.89808875   0.43981433  -0.89646643   0.44311169   0.00367484
     366  -0.98795140   0.15476429  -0.98735785   0.15850683   0.00378930
     367  -0.98956156  -0.14411065  -0.99009949  -0.14036743   0.00378167
     368  -0.90277535  -0.43011236  -0.90444756  -0.42658490   0.00390376
     369  -0.73534530  -0.67769265  -0.73798007  -0.67482251   0.00389613
     370  -0.50222766  -0.86473542  -0.50558639  -0.86277598   0.00388850
     371  -0.22424667  -0.97453243  -0.22814582  -0.97362697   0.00400291
     372   0.07376605  -0.99727559   0.07001700  -0.99754578   0.00375877
     373   0.36518931  -0.93093330   0.36180848  -0.93225247   0.00362910
     374   0.62399065  -0.78143179   0.62117457  -0.78367221   0.00359858
     375   0.82705164  -0.56212592   0.82497174  -0.56517404   0.00369013
     376   0.95623308  -0.29260603   0.95515811  -0.29609621   0.00365198
     377   0.99999535   0.00305204   0.99999976  -0.00069148   0.00374352
     378   0.95442921   0.29843748   0.95553070   0.29489163   0.00371299
     379   0.82360500   0.56716383   0.82575685   0.56402630   0.00380454
     380   0.61920911   0.78522611   0.62216818   0.78288358   0.00377406
     381   0.35950005   0.93314505   0.36310452   0.93174839   0.00386561
     382   0.06767725   0.99770725   0.07149542   0.99744093   0.00382745
     383  -0.23019108   0.97314543  -0.22637556   0.97404009   0.00391902
     384  -0.50749671   0.86165369  -0.50435317   0.86349744   0.00364436
     385  -0.73946828   0.67319143  -0.73711312   0.67576933   0.00349177
     386  -0.90538394   0.42459375  -0.90386975   0.42780772   0.00355280
     387  -0.99042279   0.13806763  -0.98993361   0.14153264   0.00349938
     388  -0.98698831  -0.16079192  -0.98755455  -0.15727682   0.00356042
     389  -0.89538735  -0.44528812  -0.89694011  -0.44215208   0.00349940
     390  -0.72380245  -0.69000727  -0.72625983  -0.68742031   0.00356806
     391  -0.48756117  -0.87308884  -0.49072644  -0.87131369   0.00362907
     392  -0.20776658  -0.97817844  -0.21126290  -0.97742927   0.00357568
     393   0.09058753  -0.99588847   0.08696519  -0.99621135   0.00363671
     394   0.38084957  -0.92463702   0.37754095  -0.92599291   0.00357566
     395   0.63709074  -0.77078879   0.63427752  -0.77310544   0.00364433
     396   0.83642137  -0.54808688   0.83438480  -0.55118239   0.00370539
     397   0.96103549  -0.27642506   0.96002173  -0.27992555   0.00364433
     398   0.99980140   0.01992950   0.99986851   0.01621711   0.00371300
     399   0.94925624   0.31450379   0.95039845   0.31103504   0.00365198
